frac_err_stat = [0.311531, 0.297981, 0.273419, 0.241216, 0.206624, 0.175437, 0.152627, 0.14265, 0.145056, 0.155774, 0.16984, 0.18429, 0.197674, 0.209475, 0.219446, 0.22732, 0.232853, 0.235769]
frac_err_mcstat = [0.0880281, 0.0841562, 0.0771898, 0.0681158, 0.0583348, 0.0493542, 0.0424701, 0.0390105, 0.0389869, 0.0414305, 0.044966, 0.0487336, 0.0523118, 0.0555364, 0.0583141, 0.0605413, 0.0621226, 0.0629588]
frac_err_dirt = [0.00491556, 0.00468331, 0.00432203, 0.00392152, 0.00349471, 0.00303083, 0.00261638, 0.00238357, 0.00238145, 0.00253805, 0.00275469, 0.00297534, 0.00317703, 0.00335681, 0.00351455, 0.00364527, 0.00373991, 0.00379099]
frac_err_flux = [0.087751, 0.0877499, 0.0875603, 0.0869218, 0.0859572, 0.0849433, 0.0839184, 0.0829635, 0.0820257, 0.0812677, 0.0806457, 0.0802213, 0.0799474, 0.079831, 0.0798562, 0.0799413, 0.0800526, 0.0801337]
frac_err_det = [0.0904974, 0.0859929, 0.0777535, 0.0673063, 0.0567263, 0.0480102, 0.0425035, 0.0410136, 0.0427507, 0.046499, 0.051045, 0.0557295, 0.0601587, 0.0641505, 0.0675454, 0.0702263, 0.0721003, 0.0730995]
frac_err_xs = [0.257944, 0.255445, 0.250567, 0.243537, 0.235599, 0.228152, 0.221529, 0.215929, 0.210997, 0.207, 0.203691, 0.201137, 0.199197, 0.197893, 0.197158, 0.196798, 0.196699, 0.196727]
