GENIE_y = [0.12511, 0.135865, 0.155444, 0.173198, 0.19069, 0.215976, 0.251914, 0.274483, 0.316633, 0.356643, 0.394594, 0.434571, 0.476912, 0.521847, 0.543581, 0.62471, 0.660777, 0.710861]
y = [0.0748184, 0.0809132, 0.0921166, 0.10256, 0.113325, 0.129014, 0.151533, 0.16631, 0.193454, 0.219313, 0.243812, 0.269169, 0.295574, 0.323017, 0.335595, 0.384561, 0.405705, 0.435718]
yerr_stat = [0.0233083, 0.0241106, 0.0251865, 0.0247391, 0.0234157, 0.0226339, 0.023128, 0.0237241, 0.0280617, 0.0341633, 0.041409, 0.049605, 0.0584272, 0.0676641, 0.0736449, 0.0874185, 0.0944699, 0.102729]
yerr_tot = [0.0323757, 0.0339686, 0.0365265, 0.0375762, 0.0379634, 0.0397224, 0.043664, 0.0461692, 0.053206, 0.0610952, 0.0695931, 0.0790934, 0.0894137, 0.100409, 0.106854, 0.124852, 0.13357, 0.144532]
yerr_sys = [0.0224702, 0.0239278, 0.0264542, 0.0282833, 0.0298818, 0.0326431, 0.0370356, 0.0396076, 0.0452041, 0.0506507, 0.0559329, 0.0616045, 0.0676836, 0.0741853, 0.0774227, 0.0891405, 0.0944263, 0.101668]
