x = [0.5, 1.5, 2.5, 3.5, 4.5, 5.5, 6.5, 7.5, 8.5, 9.5]
GENIE_y = [0.0866456, 0.103709, 0.129995, 0.162163, 0.208235, 0.259042, 0.31359, 0.37019, 0.429303, 0.490893]
y = [0.131112, 0.157284, 0.19816, 0.250672, 0.327159, 0.411517, 0.500299, 0.589698, 0.681521, 0.777602]
yerr_stat = [0.0114289, 0.0123017, 0.0129815, 0.013878, 0.0170609, 0.0222595, 0.0286293, 0.0353955, 0.0424097, 0.0493676]
yerr_tot = [0.021429, 0.0234507, 0.0257789, 0.0289074, 0.035927, 0.0458605, 0.0577893, 0.0706837, 0.0842276, 0.0977845]
yerr_sys = [0.0181269, 0.019965, 0.0222718, 0.0253582, 0.0316176, 0.0400962, 0.0501992, 0.0611829, 0.0727716, 0.0844076]
chi2 = '23.7162'
