x = [0.5, 1.5, 2.5, 3.5, 4.5, 5.5, 6.5, 7.5, 8.5, 9.5]
GENIE_y = [0.0683912, 0.0814451, 0.104022, 0.133695, 0.175397, 0.224723, 0.275982, 0.326372, 0.378992, 0.432546]
y = [0.0694052, 0.0806531, 0.100838, 0.129418, 0.171234, 0.221135, 0.271892, 0.319169, 0.367309, 0.416974]
yerr_stat = [0.00582907, 0.00602935, 0.00626353, 0.00680347, 0.00872114, 0.0120231, 0.0157955, 0.0194988, 0.0233624, 0.0271655]
yerr_tot = [0.0110958, 0.0119127, 0.0133425, 0.0156877, 0.0203105, 0.0269075, 0.03429, 0.0418046, 0.0497607, 0.0576403]
yerr_sys = [0.00944137, 0.0102742, 0.011781, 0.0141357, 0.0183428, 0.024072, 0.0304353, 0.0369786, 0.0439355, 0.0508374]
chi2 = '5.37012'
