frac_err_stat = [0.083986, 0.0747565, 0.0621147, 0.0525697, 0.0509312, 0.0543701, 0.0580945, 0.0610926, 0.063604, 0.0651491]
frac_err_mcstat = [0.0436578, 0.039009, 0.0327954, 0.028035, 0.0270341, 0.0285226, 0.0302053, 0.031626, 0.0328568, 0.0336222]
frac_err_dirt = [0, 0, 0, 0, 0, 0, 0, 0, 0, 0]
frac_err_flux = [0.0624875, 0.0647742, 0.0673383, 0.0684534, 0.0689814, 0.0698758, 0.071445, 0.0735927, 0.0755274, 0.0766311]
frac_err_det = [0.0842002, 0.0769347, 0.0679725, 0.0614889, 0.0596458, 0.0608799, 0.0626306, 0.0645506, 0.0664198, 0.0676309]
frac_err_geant4 = [0.0159784, 0.0150134, 0.0138936, 0.0128052, 0.0125314, 0.0128492, 0.0133794, 0.0138823, 0.0142116, 0.0143707]
frac_err_genie = [0.0731381, 0.0660753, 0.0567988, 0.0501337, 0.0476558, 0.0477713, 0.0491117, 0.0514563, 0.0539451, 0.055509]
