frac_err_stat = [0.257262, 0.21805, 0.170365, 0.140326, 0.142846, 0.161265, 0.178931, 0.190814]
frac_err_mcstat = [0.0709091, 0.0599102, 0.0468056, 0.0386796, 0.0389393, 0.043517, 0.0483005, 0.0516349]
frac_err_dirt = [0.00408159, 0.00353099, 0.00298366, 0.0026048, 0.00258606, 0.00281832, 0.00306526, 0.00324306]
frac_err_flux = [0.0242388, 0.0252035, 0.0275368, 0.0310137, 0.0347288, 0.0382548, 0.0412773, 0.0431267]
frac_err_det = [0.0803137, 0.0684582, 0.0547081, 0.0457572, 0.0445743, 0.0480947, 0.0525848, 0.0558754]
frac_err_xs = [0.103787, 0.102033, 0.103323, 0.107482, 0.108903, 0.108336, 0.109123, 0.110926]
frac_err_rw = [0.0536527, 0.0505953, 0.0460279, 0.0414283, 0.0381676, 0.0371066, 0.0374446, 0.0380121]
frac_err_rw_cor = [0.0938378, 0.089954, 0.0814871, 0.0674431, 0.0502552, 0.035595, 0.0261711, 0.0218383]
