GENIE_y = [0.0940948, 0.117391, 0.16171, 0.227122, 0.312221, 0.432596, 0.581574, 0.751418]
y = [0.114728, 0.134591, 0.166915, 0.21234, 0.276115, 0.370779, 0.487188, 0.618802]
yerr_stat = [0.0295151, 0.0293476, 0.0284365, 0.0297967, 0.039442, 0.0597939, 0.0871729, 0.118076]
yerr_tot = [0.0364109, 0.0374762, 0.0389344, 0.0435514, 0.0558839, 0.0795797, 0.111971, 0.149406]
yerr_sys = [0.0213216, 0.0233063, 0.0265942, 0.0317629, 0.0395896, 0.0525131, 0.0702738, 0.0915432]
chi2 = '5.79987'
