frac_err_stat = [0.146393, 0.129159, 0.11494, 0.114391, 0.122356, 0.129893, 0.141622, 0.151634, 0.084815, 0.0660504, 0.061069, 0.0559157, 0.0547918, 0.0523284, 0.0559605, 0.0617459]
frac_err_mcstat = [0.0777297, 0.0687464, 0.0609513, 0.0606034, 0.0651476, 0.0691711, 0.0755474, 0.081088, 0.0478494, 0.0357863, 0.0328769, 0.0297172, 0.0291942, 0.0276586, 0.02949, 0.0325867]
frac_err_dirt = [0.00153267, 0.00125898, 0.000998343, 0.000872574, 0.0009318, 0.00087596, 0.000907553, 0.000974988, 0.000302255, 0.000343058, 0.000286006, 0.000283009, 0.000253381, 0.000306305, 0.000391609, 0.000458767]
frac_err_flux = [0.0213239, 0.0218519, 0.0238735, 0.0267135, 0.0307187, 0.0352954, 0.0405356, 0.0441299, 0.0120849, 0.0155638, 0.0167039, 0.0158898, 0.0170416, 0.0192443, 0.0224851, 0.0249786]
frac_err_det = [0.0989539, 0.0919886, 0.0898543, 0.0958455, 0.104105, 0.108937, 0.116175, 0.122852, 0.0313345, 0.0310266, 0.0326188, 0.0300608, 0.0293407, 0.0277553, 0.0309964, 0.035749]
frac_err_xs = [0.0602116, 0.0597602, 0.062182, 0.0630039, 0.0611932, 0.061254, 0.0676757, 0.0742345, 0.0534732, 0.0593025, 0.0630056, 0.0601347, 0.0575518, 0.0507066, 0.0505072, 0.0538187]
frac_err_rw = [0.00631352, 0.0061339, 0.00623072, 0.00649046, 0.00710476, 0.00810831, 0.00937672, 0.0102896, 0.00345655, 0.00471163, 0.00513079, 0.00461387, 0.00482189, 0.00537299, 0.0062677, 0.00697277]
frac_err_rw_cor = [0.00711573, 0.00666151, 0.0064024, 0.0061057, 0.00646141, 0.00782541, 0.0096222, 0.0107774, 0.00329384, 0.00484977, 0.00541378, 0.00474257, 0.00503163, 0.00587562, 0.00708469, 0.00789478]
