GENIE_y = [0.0171714, 0.0211662, 0.0321754, 0.0463749, 0.0738621, 0.110725, 0.173758, 0.246751, 0.208687, 0.245592, 0.314348, 0.406485, 0.541337, 0.730529, 0.985283, 1.26473]
y = [0.0403356, 0.0471906, 0.0616631, 0.0767063, 0.106952, 0.144021, 0.201708, 0.266913, 0.137762, 0.163693, 0.226348, 0.328991, 0.46315, 0.671241, 0.90328, 1.13528]
yerr_stat = [0.00590486, 0.00609511, 0.00708756, 0.00877453, 0.0130862, 0.0187074, 0.0285664, 0.040473, 0.0116843, 0.010812, 0.0138229, 0.0183958, 0.0253768, 0.035125, 0.050548, 0.0700992]
yerr_tot = [0.00821082, 0.00870184, 0.0105941, 0.0134417, 0.0199614, 0.0283138, 0.0431039, 0.0610653, 0.0160025, 0.0167022, 0.0228362, 0.0309074, 0.0423639, 0.0572668, 0.0813364, 0.112296]
yerr_sys = [0.00570528, 0.0062106, 0.00787412, 0.0101827, 0.0150735, 0.0212534, 0.0322787, 0.0457264, 0.0109343, 0.0127304, 0.0181775, 0.0248368, 0.0339222, 0.0452296, 0.0637221, 0.0877291]
chi2 = '51.0544'
chi2_ch1 = '13.1606'
chi2_ch2 = '35.421'
