x = [0.5]
GENIE_y = [1.25672]
y = [1.44781]
yerr_stat = [0.0452104]
yerr_tot = [0.470259]
yerr_sys = [0.468081]
chi2 = '0.165123'
