frac_err_stat = [0.0312267]
frac_err_mcstat = [0.0149934]
frac_err_dirt = [0.00859248]
frac_err_flux = [0.15362]
frac_err_det = [0.0689752]
frac_err_geant4 = [0.02642]
frac_err_genie = [0.227235]
frac_err_rw = [0.0733269]
frac_err_rw_cor = [0.134753]
