x = [0.5]
GENIE_y = [1.51605]
y = [1.33368]
yerr_stat = [0.0451322]
yerr_tot = [0.457791]
yerr_sys = [0.455561]
chi2 = '0.158698'
