x = [0.5, 1.5, 2.5, 3.5, 4.5, 5.5, 6.5, 7.5, 8.5, 9.5, 10.5, 11.5, 12.5, 13.5, 14.5, 15.5, 16.5, 17.5, 18.5, 19.5]
GENIE_y = [0.0236615, 0.0291188, 0.0379951, 0.0511001, 0.06946, 0.0920673, 0.117211, 0.145212, 0.17611, 0.208735, 0.0470705, 0.054178, 0.0665122, 0.081298, 0.102725, 0.127434, 0.151564, 0.172092, 0.191888, 0.210539]
y = [0.0346785, 0.0432949, 0.0577246, 0.0792772, 0.109414, 0.146508, 0.188098, 0.234743, 0.286292, 0.340366, 0.0361198, 0.040298, 0.0464265, 0.0537303, 0.0651988, 0.0775926, 0.0885154, 0.0967581, 0.104991, 0.113598]
yerr_stat = [0.00579118, 0.00633393, 0.00659471, 0.00657835, 0.00681933, 0.00829094, 0.0113487, 0.0154863, 0.0201505, 0.0247532, 0.00460262, 0.00471012, 0.00481952, 0.00515238, 0.00650609, 0.00877536, 0.0113994, 0.0138269, 0.016098, 0.0180455]
yerr_tot = [0.0101607, 0.0112116, 0.0119239, 0.0123817, 0.0134913, 0.0165838, 0.0221407, 0.0295724, 0.0380169, 0.0464458, 0.00818648, 0.00860933, 0.00944154, 0.0109052, 0.0141011, 0.0186314, 0.0235582, 0.0280291, 0.0322456, 0.0359418]
yerr_sys = [0.00834883, 0.00925102, 0.00993428, 0.0104897, 0.011641, 0.0143626, 0.019011, 0.0251933, 0.0322373, 0.0393001, 0.0067701, 0.00720662, 0.0081188, 0.00961121, 0.0125104, 0.0164354, 0.0206166, 0.0243813, 0.0279398, 0.0310833]
chi2 = '31.196'
chi2_ch1 = '14.353'
chi2_ch2 = '12.2578'
chi2 = [chi2_ch1,chi2_ch2]
