frac_err_stat = [0.166996, 0.146298, 0.114244, 0.0829792, 0.062326, 0.0565905, 0.0603341, 0.065971, 0.0703844, 0.0727251, 0.127426, 0.116882, 0.10381, 0.0958935, 0.0997885, 0.113095, 0.128784, 0.142901, 0.153328, 0.158854]
frac_err_mcstat = [0.0860248, 0.0754932, 0.0591791, 0.0432143, 0.0324322, 0.0289262, 0.0302686, 0.0327918, 0.0348552, 0.035967, 0.0652525, 0.0600158, 0.0538579, 0.0502668, 0.0523855, 0.0591569, 0.0670882, 0.0742677, 0.0795933, 0.0824221]
frac_err_dirt = [0, 0, 0, 0, 0, 0, 0, 0, 0, 0, 0, 0, 0, 0, 0, 0, 0, 0, 0, 0]
frac_err_flux = [0.0485466, 0.0467812, 0.0444634, 0.0428222, 0.0422735, 0.0425371, 0.0431014, 0.0436475, 0.0440312, 0.0442305, 0.0858358, 0.0896703, 0.0975783, 0.104925, 0.111191, 0.118175, 0.1256, 0.132731, 0.138145, 0.141047]
frac_err_det = [0.17653, 0.155795, 0.123808, 0.092656, 0.0713412, 0.0632225, 0.0641468, 0.0678541, 0.0711808, 0.0730264, 0.116374, 0.109091, 0.103506, 0.103759, 0.111061, 0.12382, 0.137697, 0.150313, 0.159652, 0.164618]
frac_err_geant4 = [0.0474039, 0.0449343, 0.0411217, 0.0372533, 0.0340699, 0.031812, 0.0303557, 0.0294352, 0.0288666, 0.0285948, 0.0406192, 0.0396813, 0.0398405, 0.0399231, 0.0399453, 0.0402951, 0.0407107, 0.0411297, 0.0414265, 0.0415649]
frac_err_genie = [0.121628, 0.107136, 0.0843739, 0.0619146, 0.0472278, 0.0442181, 0.0490389, 0.055382, 0.0602147, 0.0627018, 0.0911772, 0.0828449, 0.0765379, 0.0781135, 0.0882077, 0.102205, 0.115565, 0.126793, 0.134885, 0.139128]
