x = [0.5, 1.5, 2.5, 3.5, 4.5, 5.5, 6.5, 7.5, 8.5, 9.5, 10.5, 11.5, 12.5, 13.5, 14.5, 15.5]
GENIE_y = [0.280674, 0.49458, 0.440573, 0.354047, 0.300767, 0.239417, 0.157335, 0.0471663, 0.417755, 0.859679, 0.763999, 0.537877, 0.421731, 0.341143, 0.207744, 0.0402688]
y = [0.280674, 0.49458, 0.440573, 0.354047, 0.300767, 0.239417, 0.157335, 0.0471662, 0.417755, 0.859679, 0.763999, 0.537877, 0.421731, 0.341143, 0.207744, 0.0402688]
yerr_stat = [0.0445155, 0.0687481, 0.0530027, 0.0389462, 0.0289841, 0.0232307, 0.0203443, 0.00962544, 0.0469496, 0.0724055, 0.0537316, 0.0488967, 0.0513783, 0.0281505, 0.0300457, 0.00920355]
yerr_tot = [0.0932948, 0.147548, 0.116843, 0.0856159, 0.0644266, 0.0504736, 0.0421164, 0.0191877, 0.106688, 0.17069, 0.146204, 0.11488, 0.104028, 0.0766381, 0.065526, 0.0210296]
yerr_sys = [0.0819896, 0.130553, 0.10413, 0.0762449, 0.0575388, 0.0448098, 0.0368769, 0.0165987, 0.0958025, 0.154572, 0.135973, 0.103954, 0.090455, 0.0712808, 0.0582315, 0.0189086]
chi2 = '4.54448e-11'
chi2_ch1 = '3.35371e-13'
chi2_ch2 = '2.73829e-13'
chi2 = [chi2_ch1,chi2_ch2]
