frac_err_stat = [0.158602, 0.139003, 0.120304, 0.110003, 0.0963673, 0.0970302, 0.129306, 0.204075, 0.112386, 0.0842238, 0.0703294, 0.0909069, 0.121827, 0.0825181, 0.144629, 0.228553]
frac_err_mcstat = [0.0896524, 0.0786428, 0.0677457, 0.0603098, 0.0516262, 0.0515045, 0.0693715, 0.110935, 0.0603441, 0.0428952, 0.0370299, 0.0470312, 0.062517, 0.0445421, 0.0760757, 0.135709]
frac_err_dirt = [0.0165866, 0.0144959, 0.011554, 0.00806934, 0.00541763, 0.00489974, 0.00780165, 0.0134213, 0.00476014, 0.00383853, 0.00286091, 0.00364063, 0.00487627, 0.00313214, 0.0036867, 0.00584253]
frac_err_flux = [0.0682944, 0.0667341, 0.065614, 0.0651142, 0.0634803, 0.0626134, 0.0706627, 0.0964288, 0.0852361, 0.0663989, 0.0642351, 0.0721803, 0.0783176, 0.0781541, 0.0929798, 0.185744]
frac_err_det = [0.195411, 0.171233, 0.149009, 0.134819, 0.118449, 0.112586, 0.146996, 0.243477, 0.133785, 0.0851734, 0.0777682, 0.0947937, 0.121346, 0.0958035, 0.155705, 0.3068]
frac_err_geant4 = [0.0886368, 0.0826898, 0.0753769, 0.0684062, 0.0621823, 0.0559424, 0.0517313, 0.054355, 0.0449932, 0.0298849, 0.0266596, 0.0310721, 0.0331451, 0.0250363, 0.026547, 0.0634635]
frac_err_genie = [0.105422, 0.096895, 0.0892605, 0.0884146, 0.0860959, 0.0841724, 0.0971934, 0.156554, 0.0788318, 0.0629754, 0.0705277, 0.0694453, 0.0713195, 0.0880419, 0.116394, 0.176448]
frac_err_rw = [0.0834348, 0.0806187, 0.0765407, 0.0705616, 0.0622029, 0.0578238, 0.0612632, 0.0700108, 0.0738232, 0.06285, 0.0591937, 0.0622166, 0.0630672, 0.0550846, 0.0576843, 0.086706]
frac_err_rw_cor = [0.0907634, 0.0823683, 0.071572, 0.0527526, 0.0263712, 0.0468912, 0.0870971, 0.102058, 0.100372, 0.100007, 0.10456, 0.106172, 0.105122, 0.122336, 0.149332, 0.175299]
