GENIE_y = [0.220123, 0.45845, 0.509013, 0.439021, 0.36873, 0.288527, 0.182278, 0.113762, 0.0726619, 0.0386969, 0.0160742, 0.310248, 0.611105, 0.612743, 0.507229, 0.399265, 0.320868, 0.227514, 0.127136, 0.0754126, 0.0443326, 0.0161175]
y = [0.256036, 0.5241, 0.566912, 0.479516, 0.413057, 0.347129, 0.224211, 0.138642, 0.0896695, 0.0512806, 0.0221876, 0.133117, 0.303582, 0.344978, 0.302904, 0.249662, 0.207153, 0.13747, 0.0827924, 0.0639225, 0.040515, 0.0105729]
yerr_stat = [0.0527409, 0.0996736, 0.100971, 0.0829248, 0.0648927, 0.0493033, 0.0367171, 0.0302263, 0.0269417, 0.0189459, 0.00947498, 0.0786477, 0.139076, 0.125861, 0.0972965, 0.0727435, 0.0600111, 0.0458878, 0.0307051, 0.0256633, 0.0217498, 0.0109617]
yerr_tot = [0.0639289, 0.121917, 0.124366, 0.102746, 0.0825017, 0.0651226, 0.0482618, 0.0383797, 0.033021, 0.0229765, 0.0114783, 0.110803, 0.20227, 0.18741, 0.145406, 0.107606, 0.0843815, 0.0611259, 0.038775, 0.0308966, 0.0259724, 0.0131658]
yerr_sys = [0.0361289, 0.0702062, 0.0726057, 0.0606649, 0.0509457, 0.0425456, 0.0313218, 0.023651, 0.0190927, 0.0129989, 0.00647883, 0.0780505, 0.14687, 0.138858, 0.108057, 0.0792934, 0.0593204, 0.0403818, 0.0236791, 0.0172045, 0.0141955, 0.00729254]
chi2 = '16.3815'
chi2_ch1 = '8.66305'
chi2_ch2 = '7.86608'
