frac_err_stat = [0.205991, 0.19018, 0.178108, 0.172934, 0.157103, 0.142032, 0.163762, 0.218017, 0.300455, 0.369457, 0.42704, 0.590815, 0.458117, 0.364838, 0.321213, 0.291368, 0.289694, 0.333801, 0.370869, 0.401476, 0.536833, 1.03677]
frac_err_mcstat = [0.0553551, 0.0510936, 0.0478721, 0.0465894, 0.0423717, 0.0384722, 0.0453466, 0.0617146, 0.0855387, 0.105953, 0.123708, 0.162335, 0.126435, 0.101543, 0.0898377, 0.0802802, 0.079125, 0.097186, 0.117519, 0.131017, 0.179652, 0.347265]
frac_err_dirt = [0.00748243, 0.00738091, 0.00724524, 0.00675455, 0.00550886, 0.0039897, 0.00335174, 0.00361547, 0.00497843, 0.00676406, 0.00867785, 0.0132053, 0.010855, 0.00857576, 0.00660807, 0.00504312, 0.00389368, 0.00380895, 0.00385038, 0.00377569, 0.00438849, 0.0084135]
frac_err_flux = [0.0287803, 0.0278975, 0.027161, 0.0273516, 0.028523, 0.0312381, 0.0379833, 0.0469661, 0.0565652, 0.0655198, 0.0745697, 0.0816887, 0.0643464, 0.0523017, 0.0492311, 0.0496999, 0.0521498, 0.0633793, 0.0726045, 0.0709283, 0.0846048, 0.150922]
frac_err_det = [0.0752949, 0.0672062, 0.0600679, 0.0582649, 0.0565427, 0.0590887, 0.074701, 0.0977585, 0.128552, 0.159248, 0.188237, 0.189412, 0.152633, 0.127718, 0.114321, 0.102033, 0.0981011, 0.120465, 0.146855, 0.15938, 0.223106, 0.465307]
frac_err_xs = [0.0898782, 0.0884253, 0.087428, 0.0878215, 0.0875561, 0.0866716, 0.092455, 0.103353, 0.117461, 0.13039, 0.143706, 0.266478, 0.223224, 0.191764, 0.179355, 0.17028, 0.162135, 0.174106, 0.171539, 0.145979, 0.161562, 0.283247]
frac_err_rw = [0.0433758, 0.0432076, 0.0429153, 0.0422489, 0.040193, 0.0380363, 0.0400534, 0.0443135, 0.0490339, 0.0544801, 0.061239, 0.171035, 0.141526, 0.114617, 0.0956607, 0.0805278, 0.0712783, 0.0739707, 0.0697587, 0.0572213, 0.0621881, 0.106865]
frac_err_rw_cor = [0.0182865, 0.017269, 0.0150665, 0.0121979, 0.009715, 0.00999965, 0.0165191, 0.0295151, 0.0454709, 0.0579782, 0.0670144, 0.417662, 0.347353, 0.287531, 0.249668, 0.214571, 0.178926, 0.150052, 0.0827268, 0.0155926, 0.0597163, 0.155379]
