frac_err_stat = [0.0722116, 0.067569, 0.0626428, 0.0595213, 0.0589299, 0.0622773, 0.0830271, 0.126831, 0.217839, 0.488616, 2.36797, 0.123401, 0.0960966, 0.0915051, 0.0904315, 0.10963, 0.147797, 0.264745, 0.327121, 0.443467, 8.1211, -0.584233]
frac_err_mcstat = [0.0351006, 0.0327337, 0.0302229, 0.0286426, 0.0283796, 0.0304165, 0.0411011, 0.0629039, 0.108471, 0.244775, 1.19268, 0.0606308, 0.0471993, 0.0451005, 0.043799, 0.0520548, 0.0707018, 0.133149, 0.172623, 0.229873, 4.28958, -0.318233]
frac_err_dirt = [0.00504212, 0.00468723, 0.00428915, 0.00378419, 0.0034634, 0.00354852, 0.0047259, 0.00786031, 0.0142015, 0.0312743, 0.13993, 0.00675263, 0.00558275, 0.00501525, 0.00431571, 0.00479698, 0.00490724, 0.00814299, 0.0088304, 0.0117744, 0.189621, -0.0166656]
frac_err_flux = [0.0179005, 0.0172355, 0.0162067, 0.0152053, 0.0148149, 0.0160863, 0.0219789, 0.0362517, 0.0663475, 0.156339, 0.72389, 0.0281556, 0.0247876, 0.0221464, 0.0178669, 0.0156133, 0.0211912, 0.045809, 0.0971689, 0.155335, 2.75497, -0.141148]
frac_err_det = [0.0720611, 0.0673426, 0.062839, 0.0599579, 0.0596828, 0.0659058, 0.0901836, 0.136263, 0.230286, 0.520522, 2.58022, 0.129743, 0.103638, 0.099146, 0.0962962, 0.108563, 0.144217, 0.269946, 0.359861, 0.487496, 9.36499, -0.761449]
frac_err_xs = [0.0627856, 0.0618876, 0.0608995, 0.0610616, 0.063511, 0.0703182, 0.0838647, 0.106041, 0.156797, 0.35212, 1.69892, 0.0991585, 0.0913292, 0.0927834, 0.10021, 0.111223, 0.132895, 0.238042, 0.333916, 0.349615, 5.87031, -0.367475]
frac_err_rw = [0.0429628, 0.0420587, 0.0399063, 0.0372138, 0.0359473, 0.0384678, 0.0470658, 0.0628539, 0.0949724, 0.206514, 0.958112, 0.0592961, 0.0582059, 0.0499888, 0.0407501, 0.0471729, 0.0684509, 0.132801, 0.173148, 0.159863, 2.40239, -0.134185]
frac_err_rw_cor = [0.0136124, 0.0122633, 0.008216, 0.00401999, 0.0055626, 0.00643341, 0.00744071, 0.0210322, 0.0680974, 0.201319, 0.97942, 0.0691106, 0.0864601, 0.0916769, 0.0800986, 0.0716867, 0.0900515, 0.175685, 0.135987, 0.060709, 2.68058, -0.156867]
