GENIE_y = [0.25913, 0.547786, 0.610635, 0.522346, 0.436281, 0.329414, 0.201275, 0.122856, 0.0729846, 0.0357883, 0.0137804, 0.220943, 0.495083, 0.526179, 0.417307, 0.32543, 0.263956, 0.173644, 0.0907242, 0.0456834, 0.0200432, 0.00678939]
y = [0.349334, 0.726869, 0.797209, 0.671639, 0.537336, 0.368798, 0.20072, 0.112112, 0.0579604, 0.017964, 0.00190265, 0.249563, 0.520995, 0.533584, 0.41994, 0.30316, 0.191041, 0.0735526, 0.0330111, 0.0210224, 0.000834851, -0.00768905]
yerr_stat = [0.025226, 0.0491138, 0.0499394, 0.0399768, 0.0316652, 0.0229677, 0.0166652, 0.0142193, 0.012626, 0.00877751, 0.00450543, 0.0307963, 0.0500658, 0.0488256, 0.0379758, 0.0332354, 0.0282354, 0.0194727, 0.0107986, 0.00932275, 0.00677991, 0.0044922]
yerr_tot = [0.0468138, 0.0926309, 0.0957849, 0.0775538, 0.0622672, 0.0464808, 0.0326904, 0.0264414, 0.0228262, 0.0160895, 0.00829226, 0.0583679, 0.10684, 0.10707, 0.0816732, 0.0653842, 0.0535496, 0.0380786, 0.0217923, 0.0171161, 0.012581, 0.00849373]
yerr_sys = [0.0394358, 0.0785387, 0.0817362, 0.0664564, 0.0536145, 0.0404097, 0.0281235, 0.0222926, 0.0190162, 0.0134843, 0.00696151, 0.0495823, 0.094383, 0.0952891, 0.0723073, 0.0563073, 0.0455008, 0.032723, 0.0189287, 0.0143544, 0.0105979, 0.00720858]
chi2 = '26.3529'
chi2_ch1 = '8.94269'
chi2_ch2 = '17.714'
