frac_err_stat = [0.312785, 0.291488, 0.260055, 0.226011, 0.194419, 0.16846, 0.152538, 0.151355, 0.158992, 0.169018, 0.177463, 0.183933, 0.189335, 0.194553, 0.199723, 0.204715, 0.208661, 0.211062]
frac_err_mcstat = [0.0891263, 0.0828208, 0.0736207, 0.0639409, 0.055156, 0.0479682, 0.043468, 0.0429565, 0.0445781, 0.046787, 0.048611, 0.0500107, 0.0512689, 0.0526123, 0.054037, 0.0554589, 0.0565979, 0.0572915]
frac_err_dirt = [0.00481058, 0.00442785, 0.00403841, 0.00384565, 0.00364343, 0.00319992, 0.00269426, 0.00244253, 0.00247292, 0.00260796, 0.00273176, 0.00282631, 0.00291154, 0.00300745, 0.00311352, 0.00322119, 0.0033063, 0.00335798]
frac_err_flux = [0.041276, 0.0416983, 0.0422689, 0.042678, 0.0429482, 0.0430714, 0.0429322, 0.0425936, 0.0421903, 0.0419159, 0.0418476, 0.0420136, 0.0423566, 0.0428525, 0.0433885, 0.0438992, 0.0442644, 0.0444982]
frac_err_det = [0.0926576, 0.0861505, 0.0760869, 0.0654879, 0.0562923, 0.0493847, 0.0454992, 0.0451524, 0.0465703, 0.0484761, 0.0501289, 0.0515022, 0.0527799, 0.0540838, 0.055384, 0.0566611, 0.0576709, 0.0583056]
frac_err_xs = [0.162332, 0.159951, 0.155869, 0.151085, 0.147311, 0.145174, 0.143529, 0.141607, 0.138691, 0.135432, 0.132194, 0.12935, 0.127063, 0.125521, 0.124586, 0.124212, 0.124062, 0.124156]
