GENIE_y = [0.12347, 0.134692, 0.154844, 0.176434, 0.200751, 0.232401, 0.271573, 0.303867, 0.350344, 0.395691, 0.441952, 0.490177, 0.537756, 0.584003, 0.62381, 0.69658, 0.729041, 0.773305]
y = [0.0861942, 0.092438, 0.103709, 0.11587, 0.129853, 0.148374, 0.172778, 0.194202, 0.227098, 0.260104, 0.293882, 0.32853, 0.361953, 0.393345, 0.419681, 0.467459, 0.488318, 0.516931]
yerr_stat = [0.0269603, 0.0269446, 0.0269699, 0.026188, 0.0252459, 0.024995, 0.0263552, 0.0293934, 0.0361067, 0.0439624, 0.0521531, 0.0604275, 0.0685303, 0.0765265, 0.08382, 0.0956962, 0.101893, 0.109105]
yerr_tot = [0.032531, 0.0328889, 0.0335952, 0.0336066, 0.0337539, 0.0351302, 0.0385099, 0.0428412, 0.0510115, 0.06, 0.0692981, 0.0787716, 0.0880741, 0.0972644, 0.105582, 0.119692, 0.126803, 0.135427]
yerr_sys = [0.0182046, 0.0188591, 0.0200314, 0.0210617, 0.0224046, 0.0246857, 0.0280787, 0.0311671, 0.0360344, 0.0408327, 0.0456321, 0.050532, 0.055323, 0.0600338, 0.0642004, 0.0718921, 0.0754776, 0.0802291]
chi2 = '15.2688'
