x = [0.5, 1.5, 2.5, 3.5, 4.5, 5.5, 6.5, 7.5, 8.5, 9.5, 10.5, 11.5, 12.5, 13.5, 14.5, 15.5]
GENIE_y = [0.250052, 0.473658, 0.454358, 0.379801, 0.317316, 0.236926, 0.152883, 0.046698, 0.436976, 0.927866, 0.838195, 0.592421, 0.463047, 0.382432, 0.239263, 0.0467223]
y = [0.395842, 0.689018, 0.607835, 0.482912, 0.386865, 0.26765, 0.156275, 0.0462144, 0.235403, 0.735385, 0.629963, 0.307111, 0.188701, 0.277689, 0.250484, 0.0394615]
yerr_stat = [0.0518463, 0.0781629, 0.0560869, 0.0383338, 0.0342159, 0.0240174, 0.0179197, 0.00909387, 0.0547574, 0.0812154, 0.0606884, 0.0496124, 0.0591745, 0.0297863, 0.0388456, 0.00903491]
yerr_tot = [0.0642107, 0.097771, 0.0704449, 0.0481245, 0.0430016, 0.0308161, 0.0223299, 0.0110638, 0.0690479, 0.100609, 0.0788484, 0.0624073, 0.0707216, 0.0393542, 0.0470653, 0.0116311]
yerr_sys = [0.0818243, 0.125868, 0.0958113, 0.0689926, 0.0580606, 0.0387282, 0.0317609, 0.014471, 0.0982386, 0.158458, 0.11608, 0.087867, 0.0858612, 0.0534184, 0.0517976, 0.0183344]
chi2 = '62.9872'
chi2_ch1 = '11.7518'
chi2_ch2 = '27.6528'
