frac_err_stat = [0.130977, 0.113441, 0.0922732, 0.0793804, 0.0884441, 0.0897343, 0.114668, 0.196776, 0.232611, 0.110439, 0.0963365, 0.161545, 0.313589, 0.107265, 0.155082, 0.228955]
frac_err_mcstat = [0.0661592, 0.0572201, 0.0464475, 0.0397654, 0.0440774, 0.0446192, 0.0566379, 0.0975815, 0.122053, 0.0566179, 0.049417, 0.0837423, 0.161017, 0.0551358, 0.0781109, 0.126956]
frac_err_dirt = [0, 0, 0, 0, 0, 0, 0, 0, 0, 0, 0, 0, 0, 0, 0, 0]
frac_err_flux = [0.0562326, 0.0567379, 0.0559534, 0.0541588, 0.0544397, 0.0614576, 0.083328, 0.12346, 0.15376, 0.0792318, 0.0818931, 0.139716, 0.196712, 0.100881, 0.0729268, 0.176967]
frac_err_det = [0.167631, 0.144266, 0.123062, 0.11289, 0.119889, 0.107708, 0.163955, 0.253029, 0.339342, 0.181076, 0.142276, 0.214835, 0.353549, 0.133949, 0.160866, 0.386074]
frac_err_geant4 = [0.048045, 0.0455266, 0.040668, 0.0332275, 0.0255722, 0.0188451, 0.0145625, 0.0137849, 0.0585981, 0.0290402, 0.0248918, 0.0314126, 0.0349422, 0.0175198, 0.0176339, 0.032277]
frac_err_genie = [0.0691443, 0.0631849, 0.0525345, 0.0452606, 0.0508925, 0.0566843, 0.0637231, 0.095237, 0.130501, 0.0575747, 0.0627944, 0.0904628, 0.127266, 0.0744238, 0.0717888, 0.135414]
