frac_err_stat = [0.113948, 0.0788889, 0.0660778, 0.0613942, 0.0674025, 0.0886801, 0.13373, 0.173109, 0.250393, 0.990846, -0.606482]
frac_err_mcstat = [0.0558844, 0.0382882, 0.0318414, 0.0291361, 0.0316014, 0.0419268, 0.0656493, 0.0889038, 0.126849, 0.51223, -0.327955]
frac_err_dirt = [0.00608037, 0.00518906, 0.00477396, 0.00378271, 0.00351622, 0.00368386, 0.00533341, 0.00745353, 0.0138798, 0.0469838, -0.0233402]
frac_err_flux = [0.0248988, 0.0190541, 0.0153215, 0.0131374, 0.0121682, 0.0131115, 0.0270911, 0.0552435, 0.0842034, 0.344832, -0.173943]
frac_err_det = [0.114835, 0.0791086, 0.0662163, 0.0601464, 0.0636395, 0.0858392, 0.131323, 0.182005, 0.261828, 1.09294, -0.800839]
frac_err_xs = [0.0875546, 0.0697746, 0.064257, 0.0662172, 0.0716886, 0.0865548, 0.135588, 0.17934, 0.200685, 0.758771, -0.418751]
frac_err_rw = [0.0616149, 0.0539373, 0.0427392, 0.0324694, 0.0313228, 0.0420137, 0.0681568, 0.0832844, 0.0815209, 0.274229, -0.1396]
frac_err_rw_cor = [0.0445168, 0.0394965, 0.0290113, 0.0165683, 0.0104884, 0.0173921, 0.0279321, 0.0128092, 0.0484423, 0.293202, -0.156476]
