GENIE_y = [0.421132, 0.985068, 1.14459, 0.972441, 0.787639, 0.608415, 0.386265, 0.222647, 0.125423, 0.0582143, 0.0204889]
y = [0.531566, 1.25335, 1.47096, 1.22934, 0.902055, 0.553589, 0.252302, 0.132504, 0.0796824, 0.0138558, -0.014324]
yerr_stat = [0.0605706, 0.0988752, 0.097198, 0.0754746, 0.0608007, 0.0490923, 0.0337403, 0.0229377, 0.0199519, 0.013729, 0.00868726]
yerr_tot = [0.110733, 0.19285, 0.19077, 0.146164, 0.11404, 0.0905168, 0.0638335, 0.0446142, 0.03598, 0.0251577, 0.0167465]
yerr_sys = [0.0926984, 0.165574, 0.164151, 0.125169, 0.0964796, 0.0760476, 0.0541877, 0.038266, 0.0299413, 0.0210814, 0.014317]
chi2 = '16.318'
