frac_err_stat = [0.154999, 0.0738777, 0.0903732, 0.166501, -0.408691, 0.262318, 0.0941991, 0.0911362, 0.104879, 0.529858, 0.290567, 0.140309, 0.108692, 0.096976, 0.1119, 0.289708, 0.168745, 0.11547, 0.0818787, 0.0993523]
frac_err_mcstat = [0.0729818, 0.0337944, 0.0420106, 0.0802377, -0.218223, 0.128396, 0.0456349, 0.0421666, 0.0492848, 0.27535, 0.134503, 0.0647684, 0.0490064, 0.0432689, 0.0529749, 0.13472, 0.0774203, 0.0519739, 0.0368921, 0.046796]
frac_err_dirt = [0.0061933, 0.00270851, 0.00266157, 0.00491818, -0.01226, 0.0124893, 0.00491188, 0.00371136, 0.00333906, 0.0219643, 0.0115105, 0.00505701, 0.00328723, 0.0028449, 0.00436981, 0.0130766, 0.00750327, 0.00481383, 0.00300239, 0.00286351]
frac_err_flux = [0.0202686, 0.0093081, 0.0116744, 0.0194621, -0.0481343, 0.026871, 0.0141073, 0.0110152, 0.0116463, 0.068709, 0.0305428, 0.0139547, 0.0129957, 0.0134629, 0.0196055, 0.0421858, 0.0227084, 0.014903, 0.0117376, 0.0180368]
frac_err_det = [0.152078, 0.0707663, 0.0926992, 0.183437, -0.556228, 0.263782, 0.0902909, 0.0877518, 0.102525, 0.613038, 0.303546, 0.142016, 0.104171, 0.0927537, 0.115948, 0.322583, 0.181569, 0.116977, 0.0795308, 0.104864]
frac_err_geant4 = [0.0146836, 0.00521679, 0.00551999, 0.0140232, -0.0459601, 0.0122321, 0.00635884, 0.00820043, 0.00835928, 0.0169582, 0.0293523, 0.0142861, 0.00815708, 0.00538096, 0.0128345, 0.0152962, 0.00960706, 0.00742322, 0.00678354, 0.00958198]
frac_err_genie = [0.0931777, 0.0465605, 0.0607367, 0.103436, -0.133938, 0.110929, 0.0693559, 0.0680086, 0.0695243, 0.239263, 0.112762, 0.0739088, 0.0674885, 0.065146, 0.0696648, 0.183593, 0.115357, 0.0852516, 0.0715773, 0.0803612]
frac_err_rw = [0.0566074, 0.0253852, 0.0317683, 0.0488441, -0.0803664, 0.0874612, 0.0412375, 0.0322105, 0.0332887, 0.193109, 0.0506033, 0.0295341, 0.0291582, 0.0307656, 0.0399243, 0.0608669, 0.0414866, 0.0345643, 0.0321164, 0.0381458]
frac_err_rw_cor = [0.038399, 0.0120857, 0.00731719, 0.0066729, -0.0108724, 0.0241187, 0.00998926, 0.00865427, 0.0166079, 0.115229, 0.0143704, 0.0094509, 0.0084071, 0.00985496, 0.0228821, 0.0101568, 0.00719543, 0.00977578, 0.0158613, 0.0299122]
