x = [0.5, 1.5, 2.5, 3.5, 4.5, 5.5, 6.5, 7.5, 8.5, 9.5, 10.5, 11.5, 12.5, 13.5, 14.5, 15.5, 16.5, 17.5, 18.5, 19.5]
GENIE_y = [0.203812, 0.401524, 0.182991, 0.0562598, 0.000784168, 0.280673, 0.57395, 0.44516, 0.248902, 0.0301459, 0.287861, 0.657611, 0.693087, 0.517085, 0.0900265, 0.31123, 0.622361, 0.711844, 0.66274, 0.247387]
y = [0.279037, 0.643445, 0.284683, 0.0699736, -0.00683486, 0.276015, 0.760692, 0.634527, 0.346719, 0.0189097, 0.425227, 0.961344, 0.999585, 0.740621, 0.118195, 0.454049, 0.931113, 1.0827, 1.02094, 0.388919]
yerr_stat = [0.0432503, 0.0475363, 0.0257277, 0.0116506, 0.00279335, 0.0724037, 0.0716564, 0.0578284, 0.0363635, 0.0100195, 0.123557, 0.134885, 0.108647, 0.0718225, 0.013226, 0.131542, 0.15712, 0.12502, 0.0835935, 0.03864]
yerr_tot = [0.0719592, 0.0779801, 0.0435954, 0.0199809, 0.0050833, 0.11594, 0.122617, 0.097734, 0.0604268, 0.0173896, 0.195822, 0.216886, 0.175395, 0.118002, 0.0225225, 0.225127, 0.268543, 0.212653, 0.147912, 0.0698868]
yerr_sys = [0.0575111, 0.0618159, 0.0351944, 0.0162326, 0.00424701, 0.0905524, 0.0994999, 0.0787896, 0.0482606, 0.014213, 0.15192, 0.16984, 0.137693, 0.0936275, 0.01823, 0.182699, 0.217781, 0.172021, 0.122024, 0.0582333]
chi2 = '22.4665'
