x = [0.5, 1.5, 2.5, 3.5, 4.5, 5.5, 6.5, 7.5, 8.5, 9.5, 10.5, 11.5, 12.5, 13.5, 14.5, 15.5]
GENIE_y = [0.256828, 0.490523, 0.47396, 0.398833, 0.3352, 0.252293, 0.16649, 0.0534392, 0.425292, 0.900543, 0.808088, 0.567016, 0.443489, 0.366922, 0.226642, 0.041474]
y = [0.366155, 0.641555, 0.572476, 0.458428, 0.363346, 0.239822, 0.128224, 0.0345027, 0.298542, 0.824365, 0.706667, 0.371933, 0.247268, 0.331802, 0.29485, 0.0564663]
yerr_stat = [0.0521918, 0.0784644, 0.0558214, 0.0376628, 0.0346088, 0.0245699, 0.0177345, 0.0091004, 0.0538346, 0.0820823, 0.0611681, 0.0509629, 0.0608018, 0.0303659, 0.0397618, 0.00855193]
yerr_tot = [0.0649209, 0.0991237, 0.0725852, 0.0500362, 0.0440428, 0.031261, 0.0225453, 0.0113494, 0.0729019, 0.103028, 0.0801621, 0.0681067, 0.0758857, 0.0415412, 0.0470811, 0.0118381]
yerr_sys = [0.0743656, 0.111767, 0.0838401, 0.0618585, 0.0568806, 0.0351236, 0.0259087, 0.0144702, 0.0870804, 0.141882, 0.098906, 0.0771603, 0.078968, 0.0457263, 0.0457965, 0.0159356]
chi2 = '87.3151'
chi2_ch1 = '7.48874'
chi2_ch2 = '12.7084'
