frac_err_stat = [0.14254, 0.122303, 0.0975088, 0.0821565, 0.0952502, 0.102451, 0.138309, 0.263759, 0.180325, 0.0995703, 0.0865585, 0.137022, 0.245895, 0.0915181, 0.134854, 0.151452]
frac_err_mcstat = [0.0720288, 0.0617565, 0.0493011, 0.0414332, 0.0476086, 0.0510877, 0.0685813, 0.130703, 0.094558, 0.0512853, 0.0448425, 0.0716284, 0.126875, 0.0471555, 0.0677309, 0.0834995]
frac_err_dirt = [0, 0, 0, 0, 0, 0, 0, 0, 0, 0, 0, 0, 0, 0, 0, 0]
frac_err_flux = [0.0197458, 0.019135, 0.018095, 0.0160852, 0.0133885, 0.00670271, 0.0194175, 0.0592597, 0.027208, 0.0105089, 0.0121839, 0.0135593, 0.0113076, 0.0101473, 0.00850887, 0.0401268]
frac_err_det = [0.171407, 0.144221, 0.119971, 0.112807, 0.136719, 0.121889, 0.168579, 0.364706, 0.238238, 0.154132, 0.118425, 0.167131, 0.260806, 0.107609, 0.129263, 0.238766]
frac_err_geant4 = [0.0189656, 0.016439, 0.0126229, 0.00775235, 0.00390984, 0.00724073, 0.015671, 0.0270751, 0.021676, 0.00706555, 0.00638185, 0.012872, 0.0110969, 0.00321173, 0.00564255, 0.0032436]
frac_err_genie = [0.0770126, 0.0714135, 0.064324, 0.0587092, 0.0579117, 0.0623322, 0.0841577, 0.146805, 0.134804, 0.0554538, 0.0580059, 0.0981109, 0.132757, 0.0712427, 0.0521914, 0.118504]
