frac_err_stat = [0.0845117, 0.0762693, 0.0644056, 0.0538297, 0.0501876, 0.0534763, 0.0582094, 0.0623685, 0.0659233, 0.0680568]
frac_err_mcstat = [0.0410837, 0.0373047, 0.0318976, 0.0269499, 0.0250078, 0.0262365, 0.0282196, 0.0300568, 0.0316708, 0.0326468]
frac_err_dirt = [0.00433264, 0.004124, 0.00383754, 0.00353973, 0.00342462, 0.00352248, 0.00364946, 0.00376226, 0.0038759, 0.00395436]
frac_err_flux = [0.0158363, 0.0146093, 0.0131065, 0.01231, 0.013017, 0.0151136, 0.0178504, 0.020543, 0.0225909, 0.0236837]
frac_err_det = [0.0853843, 0.0784628, 0.0691684, 0.0606438, 0.0563831, 0.0570514, 0.0595181, 0.0624721, 0.0654308, 0.0673024]
frac_err_xs = [0.0731693, 0.0711466, 0.0701806, 0.0714338, 0.0750233, 0.0799834, 0.0851519, 0.090143, 0.0941472, 0.096356]
frac_err_rw = [0.0416054, 0.0393253, 0.0359047, 0.0323752, 0.0302377, 0.0301476, 0.031371, 0.0329767, 0.0343188, 0.0350532]
frac_err_rw_cor = [0.0489414, 0.0460769, 0.0406586, 0.0326963, 0.0239375, 0.0165528, 0.0114928, 0.0087323, 0.00753894, 0.00716683]
