GENIE_y = [0.0874976, 0.107331, 0.140722, 0.184279, 0.249222, 0.324698, 0.411539, 0.499526, 0.591074, 0.692083]
y = [0.135419, 0.157844, 0.190776, 0.231461, 0.294701, 0.364944, 0.442831, 0.518603, 0.599037, 0.69347]
yerr_stat = [0.0114445, 0.0120386, 0.012287, 0.0124595, 0.0147904, 0.0195159, 0.0257769, 0.0323445, 0.0394905, 0.0471954]
yerr_tot = [0.0217811, 0.0235853, 0.025598, 0.0280495, 0.0343933, 0.0441326, 0.0567552, 0.0703881, 0.0852524, 0.101371]
yerr_sys = [0.0185321, 0.0202815, 0.0224564, 0.0251304, 0.0310507, 0.039583, 0.0505638, 0.0625166, 0.0755544, 0.0897142]
chi2 = '15.4815'
