x = [0.5, 1.5, 2.5, 3.5, 4.5, 5.5, 6.5, 7.5, 8.5, 9.5, 10.5, 11.5, 12.5, 13.5, 14.5, 15.5]
GENIE_y = [0.26084, 0.484189, 0.457556, 0.382491, 0.324988, 0.250547, 0.170408, 0.0574355, 0.430707, 0.869618, 0.786985, 0.567245, 0.438364, 0.346341, 0.209415, 0.0409871]
y = [0.42942, 0.75702, 0.675825, 0.54351, 0.453445, 0.345817, 0.235254, 0.0817287, 0.239249, 0.668039, 0.573375, 0.288683, 0.1645, 0.221826, 0.194572, 0.0251024]
yerr_stat = [0.0437933, 0.0691247, 0.0521323, 0.0371578, 0.0316294, 0.0248938, 0.0201039, 0.00959451, 0.0488839, 0.0740759, 0.0566404, 0.0451708, 0.0527434, 0.027984, 0.0335668, 0.00875734]
yerr_tot = [0.0733521, 0.117032, 0.0907514, 0.0658091, 0.0544142, 0.0412218, 0.0329164, 0.0160362, 0.089174, 0.124301, 0.100169, 0.0805674, 0.0855729, 0.0496579, 0.0507536, 0.016087]
yerr_sys = [0.0588445, 0.094436, 0.0742835, 0.0543151, 0.0442773, 0.0328563, 0.0260638, 0.0128493, 0.0745813, 0.0998175, 0.0826179, 0.0667136, 0.0673859, 0.041022, 0.0380683, 0.0134944]
chi2 = '29.0801'
chi2_ch1 = '11.8335'
chi2_ch2 = '13.2205'
