frac_err_stat = [0.101982, 0.0913116, 0.0771389, 0.0683665, 0.0697536, 0.0719854, 0.0854564, 0.117395, 0.204322, 0.110886, 0.0987841, 0.156472, 0.320628, 0.126153, 0.172517, 0.348865]
frac_err_mcstat = [0.0510905, 0.0456631, 0.0385093, 0.0340009, 0.0345337, 0.0354969, 0.0420964, 0.057901, 0.106925, 0.0572656, 0.050974, 0.0806748, 0.163562, 0.0641767, 0.0865011, 0.192929]
frac_err_dirt = [0, 0, 0, 0, 0, 0, 0, 0, 0, 0, 0, 0, 0, 0, 0, 0]
frac_err_flux = [0.0154916, 0.0149032, 0.0140638, 0.0125201, 0.00981345, 0.00719447, 0.0131527, 0.0258771, 0.0447726, 0.0114221, 0.0096909, 0.013375, 0.0205401, 0.0103569, 0.0115131, 0.104173]
frac_err_det = [0.10692, 0.0956058, 0.0819806, 0.0733684, 0.0727696, 0.0709755, 0.0839124, 0.121042, 0.217013, 0.107966, 0.100068, 0.150429, 0.288876, 0.11822, 0.150947, 0.392907]
frac_err_geant4 = [0.0188093, 0.0175238, 0.0156175, 0.0133889, 0.0113631, 0.00970211, 0.00893649, 0.00938371, 0.0285672, 0.0121705, 0.0118875, 0.0224241, 0.0347499, 0.0153226, 0.00950495, 0.0375945]
frac_err_genie = [0.0643582, 0.0617015, 0.0586166, 0.0557835, 0.0531172, 0.0508289, 0.0566413, 0.0771781, 0.189281, 0.0843282, 0.0889657, 0.153579, 0.236586, 0.125547, 0.0882576, 0.291761]
