frac_err_stat = [0.464681, 0.44021, 0.397264, 0.343017, 0.285491, 0.234087, 0.195158, 0.169981, 0.155831, 0.149659, 0.284869, 0.296485, 0.327449, 0.364874, 0.382731, 0.378265, 0.365566, 0.355179, 0.3487, 0.345698]
frac_err_mcstat = [0.225331, 0.213584, 0.192949, 0.166856, 0.139136, 0.114288, 0.0953931, 0.0830879, 0.0761028, 0.0730273, 0.135616, 0.141573, 0.157174, 0.175821, 0.184647, 0.182434, 0.176139, 0.170993, 0.16779, 0.166308]
frac_err_dirt = [0.0247504, 0.0234519, 0.0211658, 0.018273, 0.0152181, 0.0125013, 0.0104544, 0.00917043, 0.00849238, 0.00821521, 0.0147867, 0.0152956, 0.0168526, 0.0188047, 0.0196434, 0.0193101, 0.0186146, 0.0180439, 0.0176836, 0.0175161]
frac_err_flux = [0.0700538, 0.0677212, 0.0642641, 0.0611191, 0.0597045, 0.0606823, 0.0632306, 0.0663454, 0.0690126, 0.0705143, 0.104556, 0.107441, 0.114429, 0.121616, 0.123687, 0.121507, 0.118548, 0.117244, 0.11711, 0.117277]
frac_err_det = [0.490559, 0.465049, 0.420224, 0.363639, 0.303675, 0.249931, 0.208921, 0.182042, 0.166598, 0.159722, 0.275814, 0.287741, 0.320999, 0.362437, 0.384373, 0.382601, 0.371136, 0.36123, 0.354999, 0.352098]
frac_err_geant4 = [0.0334689, 0.032893, 0.0319785, 0.0309511, 0.0300139, 0.0293694, 0.0291043, 0.0290925, 0.029159, 0.0292126, 0.0290387, 0.0277793, 0.0268916, 0.0255603, 0.0223264, 0.0183812, 0.0155199, 0.0143293, 0.0140585, 0.0140613]
frac_err_genie = [0.223543, 0.210837, 0.188032, 0.158886, 0.129242, 0.107143, 0.0976042, 0.0979509, 0.101879, 0.104836, 0.139908, 0.136202, 0.148279, 0.173833, 0.186232, 0.178438, 0.163345, 0.152383, 0.146889, 0.144934]
frac_err_rw = [0.0831756, 0.0796794, 0.0735331, 0.0656884, 0.0573657, 0.0501253, 0.0449015, 0.0417377, 0.0400766, 0.0393885, 0.0744344, 0.0749162, 0.0781007, 0.0813863, 0.0798595, 0.0740988, 0.0678742, 0.063544, 0.0610383, 0.0599212]
frac_err_rw_cor = [0.0626852, 0.0625189, 0.0627108, 0.0636302, 0.0652767, 0.0675085, 0.0699401, 0.0722976, 0.0741433, 0.0751479, 0.103052, 0.0944089, 0.0833522, 0.0728248, 0.0643169, 0.0590515, 0.0563945, 0.0557916, 0.0560819, 0.0564207]
