x = [0.5, 1.5, 2.5, 3.5, 4.5, 5.5, 6.5, 7.5, 8.5, 9.5, 10.5, 11.5, 12.5, 13.5, 14.5, 15.5, 16.5, 17.5, 18.5, 19.5]
GENIE_y = [0.0747967, 0.0892447, 0.108371, 0.132408, 0.166128, 0.204139, 0.248227, 0.295439, 0.346832, 0.408912, 0.0621883, 0.0700881, 0.0817773, 0.0947901, 0.115013, 0.140496, 0.167896, 0.193742, 0.22019, 0.240013]
y = [0.0558362, 0.0677774, 0.0850353, 0.109058, 0.145396, 0.190064, 0.243403, 0.30019, 0.359872, 0.428335, 0.0573836, 0.0622298, 0.067501, 0.0738383, 0.0897644, 0.115128, 0.145819, 0.175433, 0.204295, 0.225135]
yerr_stat = [0.025946, 0.0298363, 0.0337814, 0.0374087, 0.0415092, 0.0444915, 0.0475021, 0.0510267, 0.0560793, 0.0641043, 0.0163468, 0.0184502, 0.0221032, 0.0269416, 0.0343556, 0.0435487, 0.0533066, 0.0623101, 0.0712375, 0.0778286]
yerr_tot = [0.0423329, 0.048715, 0.0552358, 0.0613417, 0.0685113, 0.0744833, 0.0815395, 0.0904723, 0.10242, 0.119108, 0.027119, 0.0302546, 0.0359788, 0.0438918, 0.0560363, 0.07088, 0.0864543, 0.100859, 0.115285, 0.12599]
yerr_sys = [0.0334496, 0.038509, 0.0437014, 0.0486147, 0.0545049, 0.059735, 0.0662739, 0.0747095, 0.0857028, 0.100387, 0.0216385, 0.0239777, 0.0283889, 0.0346502, 0.0442691, 0.0559239, 0.0680644, 0.0793094, 0.090641, 0.0990769]
chi2 = '14.316'
chi2_ch1 = '10.8641'
chi2_ch2 = '10.7718'
chi2 = [chi2_ch1,chi2_ch2]
