frac_err_stat = [0.209974, 0.177126, 0.130423, 0.0884522, 0.0622557, 0.0568268, 0.0634763, 0.0711237, 0.0765521, 0.0793354, 0.122285, 0.109309, 0.0952822, 0.0861244, 0.0902189, 0.105413, 0.123192, 0.140493, 0.154763, 0.162998]
frac_err_mcstat = [0.110288, 0.0931217, 0.0686787, 0.0466123, 0.0325221, 0.0289664, 0.031903, 0.0356611, 0.0384061, 0.0398267, 0.0632452, 0.0564916, 0.0497824, 0.0456799, 0.0481845, 0.0562195, 0.065532, 0.0746742, 0.0822812, 0.0866922]
frac_err_dirt = [0, 0, 0, 0, 0, 0, 0, 0, 0, 0, 0, 0, 0, 0, 0, 0, 0, 0, 0, 0]
frac_err_flux = [0, 0, 0, 0, 0, 0, 0, 0, 0, 0, 0, 0, 0, 0, 0, 0, 0, 0, 0, 0]
frac_err_det = [0, 0, 0, 0, 0, 0, 0, 0, 0, 0, 0, 0, 0, 0, 0, 0, 0, 0, 0, 0]
frac_err_geant4 = [0, 0, 0, 0, 0, 0, 0, 0, 0, 0, 0, 0, 0, 0, 0, 0, 0, 0, 0, 0]
frac_err_genie = [0.10955, 0.0942025, 0.0729122, 0.0552555, 0.0462828, 0.0461482, 0.0506378, 0.0556412, 0.0593109, 0.0611738, 0.078877, 0.0726404, 0.0709822, 0.0737205, 0.0808609, 0.091377, 0.102558, 0.112977, 0.121253, 0.125919]
