x = [0.5, 1.5, 2.5, 3.5, 4.5, 5.5, 6.5, 7.5, 8.5, 9.5, 10.5, 11.5, 12.5, 13.5, 14.5, 15.5, 16.5, 17.5, 18.5, 19.5]
GENIE_y = [0.0233824, 0.028989, 0.0382477, 0.0519879, 0.0712507, 0.0950408, 0.121666, 0.151468, 0.184373, 0.218954, 0.0486146, 0.0560869, 0.0689295, 0.0841799, 0.106238, 0.131714, 0.156717, 0.178168, 0.198943, 0.218468]
y = [0.0308666, 0.0395469, 0.0545519, 0.076846, 0.107334, 0.144323, 0.185939, 0.233289, 0.286152, 0.341433, 0.03698, 0.0417577, 0.048122, 0.056263, 0.069346, 0.0831508, 0.0945994, 0.102576, 0.110289, 0.11863]
yerr_stat = [0.00648119, 0.0070048, 0.00711484, 0.00679719, 0.00668213, 0.00820144, 0.0118027, 0.0165924, 0.0219055, 0.0270878, 0.00452211, 0.0045645, 0.00458517, 0.00484562, 0.00625632, 0.00876514, 0.0116539, 0.0144111, 0.0170687, 0.0193364]
yerr_tot = [0.00806403, 0.00874689, 0.00897096, 0.00877851, 0.00902851, 0.0113622, 0.0162218, 0.0226498, 0.0298107, 0.0368092, 0.00586751, 0.00596659, 0.00619923, 0.0068767, 0.00904153, 0.0125064, 0.016382, 0.0200163, 0.0235058, 0.0265104]
yerr_sys = [0.0047982, 0.0052384, 0.00546418, 0.00555521, 0.00607149, 0.00786358, 0.0111284, 0.0154177, 0.0202194, 0.0249233, 0.00373874, 0.0038426, 0.00417214, 0.00487945, 0.00652746, 0.00892096, 0.0115134, 0.0138914, 0.0161611, 0.0181357]
chi2 = '0.000178455'
chi2_ch1 = '27.8324'
chi2_ch2 = '25.5004'
chi2 = [chi2_ch1,chi2_ch2]
