frac_err_stat = [0.0944459, 0.0819338, 0.0694594, 0.0787794, 0.109571, 0.100008, 0.272311, 0.19894]
frac_err_mcstat = [0.0459366, 0.0392544, 0.0335516, 0.0370041, 0.0509538, 0.0471783, 0.130858, 0.0971812]
frac_err_dirt = [0.00921275, 0.0074159, 0.00551245, 0.00515114, 0.0065768, 0.00672153, 0.0193545, 0.0117127]
frac_err_flux = [0.0631905, 0.0704689, 0.0722584, 0.0687857, 0.0718815, 0.101988, 0.193987, 0.18407]
frac_err_det = [0.103691, 0.0873862, 0.078264, 0.0803571, 0.106761, 0.102942, 0.294035, 0.234368]
frac_err_geant4 = [0.0174415, 0.0195497, 0.0177979, 0.0135419, 0.0125165, 0.017045, 0.0374664, 0.0266199]
frac_err_genie = [0.0605805, 0.0664528, 0.0657881, 0.0517803, 0.0524329, 0.0705017, 0.140359, 0.158109]
frac_err_rw = [0.0389254, 0.0507815, 0.0542896, 0.0475131, 0.0465378, 0.0649538, 0.116796, 0.0741637]
frac_err_rw_cor = [0.0241373, 0.0677709, 0.0865251, 0.0551758, 0.0436353, 0.131325, 0.34004, 0.0897195]
