x = [0.5, 1.5, 2.5, 3.5, 4.5, 5.5, 6.5, 7.5]
GENIE_y = [0.662337, 1.30692, 1.22648, 0.94532, 0.755803, 0.58852, 0.367664, 0.0893839]
y = [0.812228, 1.21856, 1.04996, 0.896588, 0.73661, 0.408111, 0.154079, 0.0662142]
yerr_stat = [0.0767115, 0.0998415, 0.0729297, 0.0706327, 0.0807109, 0.0408144, 0.0419572, 0.0131727]
yerr_tot = [0.145141, 0.220964, 0.189011, 0.147208, 0.143942, 0.0999643, 0.0932286, 0.027875]
yerr_sys = [0.123212, 0.197121, 0.174374, 0.129155, 0.119185, 0.0912527, 0.0832536, 0.0245661]
chi2 = '10.8188'
