 Stat. Cov. (reco space) 
[[242.859, 0, 0, 0, 0, 0, 0, 0],
[0, 1.811, 0, 0, 0, 0, 0, 0],
[0, 0, 201.335, 0, 0, 0, 0, 0],
[0, 0, 0, 3.63379, 0, 0, 0, 0],
[0, 0, 0, 0, 71.9294, 0, 0, 0],
[0, 0, 0, 0, 0, 1.31629, 0, 0],
[0, 0, 0, 0, 0, 0, 57.6089, 0],
[0, 0, 0, 0, 0, 0, 0, 0.409522]]

 MC Stat. Cov. (reco space) 
[[15.5857, 0, 0, 0, 0, 0, 0, 0],
[0, 0.40744, 0, 0, 0, 0, 0, 0],
[0, 0, 15.1962, 0, 0, 0, 0, 0],
[0, 0, 0, 0.250274, 0, 0, 0, 0],
[0, 0, 0, 0, 5.61357, 0, 0, 0],
[0, 0, 0, 0, 0, 0.105194, 0, 0],
[0, 0, 0, 0, 0, 0, 4.41502, 0],
[0, 0, 0, 0, 0, 0, 0, 0.0896183]]

 Dirt Cov. (reco space) 
[[1.73015, 0, 0, 0, 0, 0, 0, 0],
[0, 0, 0, 0, 0, 0, 0, 0],
[0, 0, 0.239902, 0, 0, 0, 0, 0],
[0, 0, 0, 0.00048861, 0, 0, 0, 0],
[0, 0, 0, 0, 0.362773, 0, 0, 0],
[0, 0, 0, 0, 0, 0, 0, 0],
[0, 0, 0, 0, 0, 0, 0.0259988, 0],
[0, 0, 0, 0, 0, 0, 0, 0]]

 Flux Cov. (reco space) 
[[289.814, 2.6096, 278.624, 3.43109, 88.978, 1.5223, 70.4047, 0.806469],
[2.6096, 0.0342404, 2.68854, 0.0368577, 0.776126, 0.0156601, 0.643197, 0.0110118],
[278.624, 2.68854, 303.506, 3.43187, 87.3024, 1.50451, 76.2693, 0.878324],
[3.43109, 0.0368577, 3.43187, 0.0517993, 1.03118, 0.0197616, 0.835684, 0.0126015],
[88.978, 0.776126, 87.3024, 1.03118, 28.1808, 0.4674, 22.6524, 0.227735],
[1.5223, 0.0156601, 1.50451, 0.0197616, 0.4674, 0.00995061, 0.368907, 0.00530594],
[70.4047, 0.643197, 76.2693, 0.835684, 22.6524, 0.368907, 19.876, 0.199549],
[0.806469, 0.0110118, 0.878324, 0.0126015, 0.227735, 0.00530594, 0.199549, 0.00498908]]

 Det. Cov. (reco space) 
[[663.456, -2.93506, -463.161, -16.6405, 186.941, -4.47053, -149.95, 1.92033],
[-2.93506, 2.1611, -1.80904, 0.208008, -1.85244, 0.200795, 0.0920904, -0.0522563],
[-463.161, -1.80904, 471.31, 15.9489, -149.68, 2.28488, 121.345, -2.61378],
[-16.6405, 0.208008, 15.9489, 3.20753, -7.54155, 0.238581, 5.48312, -0.483523],
[186.941, -1.85244, -149.68, -7.54155, 95.4704, -2.53183, -58.2482, 1.17637],
[-4.47053, 0.200795, 2.28488, 0.238581, -2.53183, 1.13453, 2.37645, -0.021943],
[-149.95, 0.0920904, 121.345, 5.48312, -58.2482, 2.37645, 79.2455, -0.382662],
[1.92033, -0.0522563, -2.61378, -0.483523, 1.17637, -0.021943, -0.382662, 0.975337]]

 XSec. Cov. (reco space) 
[[366.15, 2.73937, 286.889, 4.85676, 147.94, 1.9166, 108.363, 0.484833],
[2.73937, 0.118831, 0.87964, 0.0325001, 0.856755, 0.0238124, 0.558093, 0.00102772],
[286.889, 0.87964, 301.729, 4.24213, 128.067, 1.24582, 102.958, 0.943215],
[4.85676, 0.0325001, 4.24213, 0.126446, 2.09799, 0.0394669, 1.6773, 0.0136267],
[147.94, 0.856755, 128.067, 2.09799, 67.6688, 0.833054, 50.8938, 0.364071],
[1.9166, 0.0238124, 1.24582, 0.0394669, 0.833054, 0.0293387, 0.578736, 0.00705561],
[108.363, 0.558093, 102.958, 1.6773, 50.8938, 0.578736, 42.735, 0.331968],
[0.484833, 0.00102772, 0.943215, 0.0136267, 0.364071, 0.00705561, 0.331968, 0.0232716]]

 Tot. Cov. (reco space) 
[[1579.59, 2.4139, 102.352, -8.35265, 423.859, -1.03162, 28.8172, 3.21163],
[2.4139, 4.53262, 1.75914, 0.277366, -0.219554, 0.240267, 1.29338, -0.0402169],
[102.352, 1.75914, 1293.32, 23.6229, 65.6886, 5.03521, 300.573, -0.79224],
[-8.35265, 0.277366, 23.6229, 7.27032, -4.41238, 0.297809, 7.9961, -0.457295],
[423.859, -0.219554, 65.6886, -4.41238, 269.226, -1.23138, 15.298, 1.76817],
[-1.03162, 0.240267, 5.03521, 0.297809, -1.23138, 2.5953, 3.3241, -0.0095814],
[28.8172, 1.29338, 300.573, 7.9961, 15.298, 3.3241, 203.906, 0.148856],
[3.21163, -0.0402169, -0.79224, -0.457295, 1.76817, -0.0095814, 0.148856, 1.50274]]

-------------------------------------------------------------------------------


Stat. Cov. (unfolded space) 
[[9.25089e-07, 1.03721e-06],
[1.03721e-06, 1.3269e-06]]
Collapsed cov_stat = 4.3264e-06

MC Stat. Cov. (unfolded space) 
[[6.53954e-08, 7.47776e-08],
[7.47776e-08, 9.74995e-08]]
Collapsed cov_mcstat = 3.1245e-07

Dirt Cov. (unfolded space) 
[[4.7999e-09, 4.47239e-09],
[4.47239e-09, 4.38987e-09]]
Collapsed cov_add = 1.81346e-08

Flux Cov. (unfolded space) 
[[8.05349e-07, 1.0495e-06],
[1.0495e-06, 1.37667e-06]]
Collapsed cov_flux = 4.28102e-06

Det. Cov. (unfolded space) 
[[4.36404e-07, 3.5229e-07],
[3.5229e-07, 5.9756e-07]]
Collapsed cov_det = 1.73854e-06

XSec. Cov. (unfolded space) 
[[6.40178e-07, 8.11283e-07],
[8.11283e-07, 1.05578e-06]]
Collapsed cov_xs = 3.31852e-06

Tot. Cov. (unfolded space) 
[[2.87722e-06, 3.32953e-06],
[3.32953e-06, 4.45879e-06]]
Collapsed cov_tot = 1.39951e-05

x = [0.903872, 1.72874]
GENIE_y = [0.899471, 1.16017]
y = [0.673623, 0.710706]
yerr_stat = [0.0961816, 0.115191]
yerr_sys = [0.139719, 0.176972]
yerr_tot = [0.169624, 0.211158]
