frac_err_stat = [0.188792, 0.0918755, 0.0704508, 0.0987805, 0.161771, 0.0701965, 0.106689, 0.176943]
frac_err_mcstat = [0.117693, 0.0570779, 0.0433264, 0.0609569, 0.100279, 0.0429825, 0.0649887, 0.111092]
frac_err_dirt = [0, 0, 0, 0, 0, 0, 0, 0]
frac_err_flux = [0.029807, 0.0127085, 0.0127374, 0.0108744, 0.00943088, 0.00883077, 0.00715521, 0.0581769]
frac_err_det = [0.255106, 0.106946, 0.0768531, 0.11542, 0.182957, 0.0809877, 0.118817, 0.240974]
frac_err_geant4 = [0.0222437, 0.00458368, 0.00504724, 0.00734743, 0.00628949, 0.00373635, 0.00556283, 0.0111991]
frac_err_genie = [0.147192, 0.0617456, 0.061996, 0.0828455, 0.0970337, 0.0670629, 0.0567028, 0.155228]
