x = [0.5, 1.5, 2.5, 3.5, 4.5, 5.5, 6.5, 7.5]
GENIE_y = [0.629417, 1.42251, 1.33405, 0.965829, 0.774456, 0.663593, 0.437677, 0.0882169]
y = [0.37479, 1.35456, 1.32421, 0.792059, 0.562738, 0.673666, 0.567138, 0.0732402]
yerr_stat = [0.0707575, 0.124451, 0.0932917, 0.0782399, 0.0910344, 0.047289, 0.0605074, 0.0129593]
yerr_tot = [0.0999783, 0.168704, 0.136875, 0.112953, 0.120222, 0.0715244, 0.0778061, 0.019063]
yerr_sys = [0.119686, 0.185185, 0.143936, 0.122892, 0.129641, 0.0767975, 0.0834259, 0.0229296]
chi2 = '12.3523'
