frac_err_stat = [0.0840157, 0.0747876, 0.0623944, 0.0516587, 0.0496402, 0.0540071, 0.0579892, 0.0617139, 0.0657705, 0.0686768]
frac_err_mcstat = [0.0441506, 0.0394106, 0.0333346, 0.0280153, 0.0268296, 0.0287496, 0.0304998, 0.0322738, 0.0343053, 0.0357791]
frac_err_dirt = [0, 0, 0, 0, 0, 0, 0, 0, 0, 0]
frac_err_flux = [0.0644504, 0.068635, 0.0733482, 0.0758179, 0.0775124, 0.0795239, 0.0823862, 0.0863533, 0.0899694, 0.0920694]
frac_err_det = [0.104842, 0.0989771, 0.0973572, 0.0936567, 0.0897117, 0.0908951, 0.0939648, 0.0989033, 0.104963, 0.10939]
frac_err_geant4 = [0.0182624, 0.017474, 0.0165683, 0.0150702, 0.0138553, 0.013198, 0.0132164, 0.0137188, 0.0143259, 0.0147125]
frac_err_genie = [0.0609367, 0.0560471, 0.0499065, 0.0456316, 0.0447023, 0.0457698, 0.0479804, 0.0515943, 0.0553735, 0.0577547]
