x = [0.5, 1.5, 2.5, 3.5, 4.5, 5.5, 6.5, 7.5, 8.5, 9.5]
GENIE_y = [0.0695431, 0.0830461, 0.10622, 0.136406, 0.17878, 0.229186, 0.282158, 0.334908, 0.390263, 0.446321]
y = [0.0721165, 0.0826192, 0.101761, 0.129115, 0.168944, 0.21669, 0.265564, 0.309892, 0.35476, 0.401525]
yerr_stat = [0.00605891, 0.00617889, 0.00634932, 0.00666991, 0.00838642, 0.0117028, 0.0153998, 0.0191246, 0.0233327, 0.0275755]
yerr_tot = [0.0121105, 0.0130894, 0.0153074, 0.0183882, 0.0235498, 0.0310996, 0.0397341, 0.0489385, 0.0592415, 0.0695366]
yerr_sys = [0.0104859, 0.0115392, 0.0139285, 0.0171359, 0.0220059, 0.0288138, 0.0366285, 0.0450469, 0.0544531, 0.0638352]
chi2 = '10.8902'
