frac_err_stat = [0.268348, 0.239999, 0.193528, 0.151281, 0.137853, 0.151319, 0.170333, 0.182428, 0.398728, 0.325474, 0.236953, 0.209513, 0.26547, 0.33712, 0.391474, 0.422185]
frac_err_mcstat = [0.0718844, 0.0644082, 0.0520503, 0.0405408, 0.03644, 0.0397854, 0.0449328, 0.0482512, 0.10988, 0.0897084, 0.0662354, 0.0598034, 0.0745165, 0.0932105, 0.107754, 0.116129]
frac_err_dirt = [0.00503265, 0.00461252, 0.00392936, 0.00333366, 0.00310059, 0.00318573, 0.00334787, 0.0034666, 0.00584003, 0.00475228, 0.00363251, 0.00299754, 0.0034653, 0.00463818, 0.0057269, 0.00637279]
frac_err_flux = [0.020439, 0.0217998, 0.0242806, 0.0270502, 0.0296159, 0.0317119, 0.033406, 0.0344168, 0.0333245, 0.0338754, 0.0369288, 0.0437728, 0.0521294, 0.0596978, 0.0654557, 0.0688337]
frac_err_det = [0.0882898, 0.0797267, 0.0665299, 0.0552839, 0.0524471, 0.056152, 0.0614022, 0.0648706, 0.119446, 0.0992334, 0.0770089, 0.0717241, 0.0858483, 0.103582, 0.117005, 0.124548]
frac_err_xs = [0.0876185, 0.0871769, 0.086252, 0.0848634, 0.0845967, 0.0868356, 0.0912209, 0.0947152, 0.147139, 0.139051, 0.13639, 0.148809, 0.1668, 0.179985, 0.188013, 0.192738]
frac_err_rw = [0.0341869, 0.0344984, 0.0350415, 0.0355157, 0.0359536, 0.0364309, 0.0370377, 0.0374984, 0.0816198, 0.0755878, 0.0672203, 0.0608892, 0.0583896, 0.0594616, 0.061841, 0.0636724]
frac_err_rw_cor = [0.0139576, 0.0141092, 0.0141156, 0.0137512, 0.0127573, 0.0116254, 0.0107802, 0.0104153, 0.194716, 0.185762, 0.171591, 0.153111, 0.130369, 0.109283, 0.0950144, 0.0879934]
