GENIE_y = [0.0576647, 0.0686609, 0.0933272, 0.119818, 0.162701, 0.214627, 0.28891, 0.367499, 0.0396593, 0.0505571, 0.0684219, 0.101109, 0.136375, 0.192639, 0.252422, 0.327411]
y = [0.0742085, 0.0861507, 0.112478, 0.139283, 0.184505, 0.239301, 0.317249, 0.399306, 0.0409138, 0.0478548, 0.0557369, 0.0695939, 0.0828764, 0.108502, 0.135724, 0.171436]
yerr_stat = [0.0199137, 0.0206761, 0.0217677, 0.0210708, 0.0254345, 0.0362108, 0.0540381, 0.0728445, 0.0163135, 0.0155755, 0.013207, 0.0145808, 0.0220012, 0.0365781, 0.0531324, 0.0723778]
yerr_tot = [0.0228071, 0.0239972, 0.0261521, 0.0267846, 0.0333034, 0.0464342, 0.067849, 0.0906156, 0.0205669, 0.0205583, 0.0193404, 0.0224257, 0.0303778, 0.0466085, 0.0652424, 0.0875772]
yerr_sys = [0.0111179, 0.0121806, 0.0144949, 0.0165359, 0.0214989, 0.0290675, 0.041029, 0.0538967, 0.0125247, 0.0134182, 0.0141289, 0.0170385, 0.0209466, 0.0288859, 0.0378618, 0.0493074]
chi2 = '11.8283'
chi2_ch1 = '5.90865'
chi2_ch2 = '8.8462'
