frac_err_stat = [0.1325, 0.12716, 0.125472, 0.113739, 0.0994666, 0.0941425, 0.096401, 0.0948407, 0.0866873, 0.0909072, 0.214337, 0.123334, 0.0854468, 0.0734342, 0.0476664, 0.0472706, 0.0505443, 0.0429927, 0.0516452, 0.0649746]
frac_err_mcstat = [0.0678344, 0.0656876, 0.0657934, 0.0598475, 0.0522745, 0.0493649, 0.0517688, 0.0513704, 0.0468732, 0.0505634, 0.117201, 0.0648175, 0.0444524, 0.0388386, 0.0248278, 0.0256858, 0.0277145, 0.0230627, 0.0278183, 0.0359533]
frac_err_dirt = [0.00110709, 0.00103249, 0.000965196, 0.000818533, 0.000797487, 0.000588053, 0.000768966, 0.000742427, 0.000614382, 0.000871438, 0.00144172, 0.000631704, 0.000406366, 0.000654173, 0.00032077, 0.000418561, 0.000432847, 0.000274937, 0.000362428, 0.000436406]
frac_err_flux = [0.0594712, 0.0670461, 0.0799683, 0.0847666, 0.0799519, 0.0867753, 0.108572, 0.122475, 0.123411, 0.121494, 0.148317, 0.106479, 0.0902772, 0.0846642, 0.0880333, 0.110351, 0.137002, 0.163371, 0.18315, 0.187329]
frac_err_det = [0.280422, 0.271353, 0.271379, 0.248432, 0.218556, 0.207809, 0.21876, 0.218649, 0.198323, 0.205984, 0.444057, 0.24371, 0.169015, 0.145903, 0.0939165, 0.0943227, 0.100405, 0.0857485, 0.111503, 0.147379]
frac_err_xs = [0.0785605, 0.0774949, 0.0800178, 0.0814943, 0.0805667, 0.080289, 0.0810025, 0.0805414, 0.0834178, 0.0923725, 0.149027, 0.0873996, 0.0667575, 0.058235, 0.0502159, 0.0495011, 0.05364, 0.0617522, 0.0773893, 0.0939868]
frac_err_rw = [0.0200534, 0.0215869, 0.0247284, 0.0266918, 0.026111, 0.0251808, 0.025323, 0.0271428, 0.0301349, 0.0328958, 0.0234769, 0.0263336, 0.0315016, 0.0334593, 0.0320406, 0.0312749, 0.0322851, 0.0352652, 0.0400189, 0.0437527]
frac_err_rw_cor = [0.0149345, 0.0173293, 0.0217478, 0.0246853, 0.0242928, 0.0235923, 0.0256151, 0.0280849, 0.029875, 0.0320913, 0.0186257, 0.0286895, 0.0380011, 0.0372792, 0.0320473, 0.0302257, 0.0325257, 0.0362718, 0.0400644, 0.0432266]
