GENIE_y = [0.000393956, 0.00104012, 0.00170593, 0.00258426, 0.00354153, 0.00445856, 0.00567667, 0.00784625, 0.0115381, 0.0219119, 0.0018729, 0.00687301, 0.0140605, 0.0213586, 0.0303845, 0.0400444, 0.05314, 0.0700839, 0.0945211, 0.146874]
y = [0.00154818, 0.00320706, 0.00381144, 0.00472155, 0.0060893, 0.00740368, 0.00872446, 0.010822, 0.0145256, 0.0262681, 0.00226221, 0.00751166, 0.0130851, 0.018209, 0.0264819, 0.036453, 0.0469882, 0.0562864, 0.0688582, 0.102289]
yerr_stat = [0.000205133, 0.00040781, 0.000478229, 0.000537026, 0.000605682, 0.000697001, 0.000841047, 0.00102636, 0.00125919, 0.00238796, 0.000484875, 0.00092644, 0.00111808, 0.00133716, 0.0012623, 0.00172315, 0.00237499, 0.0024199, 0.00355619, 0.00664618]
yerr_tot = [0.000516101, 0.00104111, 0.00125026, 0.00144286, 0.0016626, 0.00195395, 0.00245956, 0.00310751, 0.0039255, 0.00736709, 0.00124313, 0.00236707, 0.0030092, 0.00369861, 0.00410547, 0.00613348, 0.00905684, 0.0116441, 0.0166708, 0.0280024]
yerr_sys = [0.000473582, 0.000957912, 0.00115518, 0.0013392, 0.00154835, 0.00182541, 0.0023113, 0.00293312, 0.00371807, 0.00696933, 0.00114467, 0.00217824, 0.00279377, 0.00344843, 0.00390659, 0.00588646, 0.0087399, 0.0113898, 0.0162871, 0.0272023]
chi2 = '10.6492'
chi2_ch1 = '6.3031'
chi2_ch2 = '4.90976'
