x = [0.5, 1.5, 2.5, 3.5, 4.5, 5.5, 6.5, 7.5, 8.5, 9.5]
GENIE_y = [0.0879999, 0.105245, 0.131737, 0.163966, 0.209869, 0.260065, 0.313568, 0.368866, 0.426692, 0.487276]
y = [0.117966, 0.140982, 0.176859, 0.223046, 0.290718, 0.365842, 0.445291, 0.525322, 0.607447, 0.693239]
yerr_stat = [0.0109908, 0.0116293, 0.011928, 0.0123198, 0.0149066, 0.0197361, 0.0258593, 0.0322962, 0.038849, 0.0452705]
yerr_tot = [0.0222353, 0.0240464, 0.0258724, 0.0283162, 0.0346341, 0.0441224, 0.0558365, 0.0685345, 0.0817822, 0.094972]
yerr_sys = [0.019329, 0.0210473, 0.0229588, 0.0254957, 0.031262, 0.0394623, 0.0494875, 0.0604478, 0.0719659, 0.0834881]
chi2 = '18.9745'
