frac_err_stat = [0.0752921, 0.0571118, 0.0546377, 0.0504888, 0.0497294, 0.0471544, 0.053274, 0.0615771]
frac_err_mcstat = [0.0422277, 0.0309222, 0.0294146, 0.0269145, 0.0266265, 0.0250405, 0.0281443, 0.0326072]
frac_err_dirt = [0.000420009, 0.000345286, 0.000254181, 0.000258815, 0.000235223, 0.000239793, 0.000299166, 0.000380064]
frac_err_flux = [0.0121417, 0.0156143, 0.0167624, 0.0159672, 0.0176781, 0.0203518, 0.0240468, 0.0273603]
frac_err_det = [0.0271393, 0.0248124, 0.0258556, 0.0241634, 0.0241221, 0.0230972, 0.0287589, 0.035959]
frac_err_xs = [0.0517386, 0.0589744, 0.0644527, 0.0599647, 0.0560635, 0.0502472, 0.0524412, 0.0581087]
frac_err_rw = [0.00364021, 0.00482234, 0.00526334, 0.00475277, 0.00503141, 0.0056426, 0.00664932, 0.00759605]
frac_err_rw_cor = [0.00348869, 0.00480903, 0.0053218, 0.0048001, 0.00528366, 0.00630351, 0.00770553, 0.00875197]
