GENIE_y = [0.00914652, 0.0107965, 0.0140269, 0.0183236, 0.0250071, 0.0343167, 0.0474869, 0.0621988]
y = [0.0064933, 0.00773965, 0.0105934, 0.0155622, 0.0221648, 0.0317879, 0.0423735, 0.0529073]
yerr_stat = [0.000488894, 0.000442025, 0.000578799, 0.000785716, 0.00110224, 0.00149894, 0.00225741, 0.00325787]
yerr_tot = [0.000682214, 0.000717824, 0.00100555, 0.00137034, 0.00189023, 0.00254197, 0.00376369, 0.00539749]
yerr_sys = [0.000475814, 0.000565584, 0.000822265, 0.00112271, 0.00153559, 0.00205299, 0.00301156, 0.00430339]
chi2 = '30.501'
