GENIE_y = [0.117934, 0.134945, 0.16458, 0.183695, 0.199401, 0.228571, 0.272597, 0.285676, 0.337343, 0.380252, 0.423069, 0.471835, 0.521419, 0.573544, 0.616194, 0.794531, 0.856473, 1.0028]
y = [0.0786174, 0.089957, 0.109712, 0.122455, 0.132924, 0.15237, 0.181719, 0.190437, 0.224879, 0.253484, 0.282026, 0.314534, 0.347588, 0.382336, 0.410767, 0.52965, 0.570942, 0.668489]
yerr_stat = [0.0111075, 0.0127096, 0.0155007, 0.017301, 0.0187802, 0.0215276, 0.0256742, 0.0269059, 0.0317721, 0.0358134, 0.0398461, 0.044439, 0.049109, 0.0540183, 0.0580353, 0.0748317, 0.0806655, 0.0944475]
yerr_tot = [0.0161571, 0.0184875, 0.0225476, 0.0251663, 0.027318, 0.0313143, 0.037346, 0.0391378, 0.0462161, 0.0520947, 0.0579607, 0.0646416, 0.0714347, 0.0785758, 0.084419, 0.108851, 0.117337, 0.137385]
yerr_sys = [0.0117335, 0.0134259, 0.0163744, 0.0182762, 0.0198388, 0.0227409, 0.0271213, 0.0284225, 0.0335629, 0.037832, 0.042092, 0.0469437, 0.051877, 0.057063, 0.0613064, 0.0790495, 0.0852121, 0.0997709]
chi2 = '0.000566666'
