frac_err_stat = [0.141285, 0.141285, 0.141285, 0.141285, 0.141285, 0.141285, 0.141285, 0.141285, 0.141285, 0.141285, 0.141285, 0.141285, 0.141285, 0.141285, 0.141285, 0.141285, 0.141285, 0.141285]
frac_err_mcstat = [0.0391541, 0.0391541, 0.0391541, 0.0391541, 0.0391541, 0.0391541, 0.0391541, 0.0391541, 0.0391541, 0.0391541, 0.0391541, 0.0391541, 0.0391541, 0.0391541, 0.0391541, 0.0391541, 0.0391541, 0.0391541]
frac_err_dirt = [0.00239506, 0.00239506, 0.00239506, 0.00239506, 0.00239506, 0.00239506, 0.00239506, 0.00239506, 0.00239506, 0.00239506, 0.00239506, 0.00239506, 0.00239506, 0.00239506, 0.00239506, 0.00239506, 0.00239506, 0.00239506]
frac_err_flux = [0.0427046, 0.0427046, 0.0427046, 0.0427046, 0.0427046, 0.0427046, 0.0427046, 0.0427046, 0.0427046, 0.0427046, 0.0427046, 0.0427046, 0.0427046, 0.0427046, 0.0427046, 0.0427046, 0.0427046, 0.0427046]
frac_err_det = [0.0424647, 0.0424647, 0.0424647, 0.0424647, 0.0424647, 0.0424647, 0.0424647, 0.0424647, 0.0424647, 0.0424647, 0.0424647, 0.0424647, 0.0424647, 0.0424647, 0.0424647, 0.0424647, 0.0424647, 0.0424647]
frac_err_xs = [0.130803, 0.130803, 0.130803, 0.130803, 0.130803, 0.130803, 0.130803, 0.130803, 0.130803, 0.130803, 0.130803, 0.130803, 0.130803, 0.130803, 0.130803, 0.130803, 0.130803, 0.130803]
