x = [0.5, 1.5, 2.5, 3.5, 4.5, 5.5, 6.5, 7.5, 8.5, 9.5, 10.5, 11.5, 12.5, 13.5, 14.5, 15.5, 16.5, 17.5, 18.5, 19.5]
GENIE_y = [0.023302, 0.0289172, 0.0382126, 0.0520263, 0.0714012, 0.0953268, 0.122093, 0.152044, 0.185107, 0.219847, 0.0486431, 0.0560472, 0.0687973, 0.0839481, 0.105961, 0.131486, 0.156582, 0.17809, 0.198885, 0.218409]
y = [0.0321504, 0.0411216, 0.056665, 0.0800107, 0.112414, 0.152233, 0.197213, 0.247985, 0.304159, 0.362704, 0.0362595, 0.0400333, 0.0447903, 0.0506251, 0.0605467, 0.0707523, 0.0786945, 0.0834094, 0.088215, 0.0940714]
yerr_stat = [0.00641397, 0.00692658, 0.00702531, 0.00670512, 0.00661405, 0.0081477, 0.0116883, 0.0163764, 0.0215762, 0.0266557, 0.00458297, 0.00460617, 0.00456727, 0.00467065, 0.00588824, 0.00820558, 0.010888, 0.0134481, 0.0159285, 0.0180499]
yerr_tot = [0.0145264, 0.0161067, 0.0172801, 0.0181083, 0.0197314, 0.0235913, 0.0303291, 0.0394858, 0.0501802, 0.0610576, 0.010173, 0.0105568, 0.0117423, 0.0141535, 0.0190719, 0.0255236, 0.0318906, 0.0373937, 0.0425806, 0.047263]
yerr_sys = [0.0130337, 0.0145412, 0.0157876, 0.0168212, 0.0185898, 0.0221397, 0.0279864, 0.0359297, 0.0453048, 0.0549318, 0.00908219, 0.0094989, 0.0108176, 0.0133606, 0.0181401, 0.0241687, 0.0299744, 0.0348918, 0.0394891, 0.0436806]
chi2 = '77.0153'
chi2_ch1 = '32.9102'
chi2_ch2 = '40.3366'
chi2 = [chi2_ch1,chi2_ch2]
