frac_err_stat = [0.199499, 0.168441, 0.12398, 0.0838028, 0.0588367, 0.0535213, 0.0592674, 0.0660378, 0.0709372, 0.0734916, 0.126393, 0.115059, 0.10197, 0.0922596, 0.0972512, 0.115976, 0.138358, 0.16123, 0.180564, 0.191874]
frac_err_mcstat = [0.103615, 0.0875944, 0.0646334, 0.0438005, 0.0305256, 0.0270266, 0.0294163, 0.0326371, 0.0350471, 0.0363178, 0.0650948, 0.0593451, 0.0533028, 0.0491158, 0.0521369, 0.0619276, 0.0734263, 0.085221, 0.0952295, 0.101101]
frac_err_dirt = [0, 0, 0, 0, 0, 0, 0, 0, 0, 0, 0, 0, 0, 0, 0, 0, 0, 0, 0, 0]
frac_err_flux = [0.0556499, 0.0520681, 0.0477937, 0.0452187, 0.0447535, 0.0456496, 0.0469453, 0.0480808, 0.0488406, 0.0492198, 0.0946134, 0.10083, 0.114324, 0.12627, 0.135791, 0.147396, 0.161666, 0.177528, 0.190815, 0.198422]
frac_err_det = [0.367672, 0.320933, 0.252586, 0.18908, 0.145647, 0.123802, 0.117021, 0.117175, 0.119448, 0.121091, 0.1987, 0.183802, 0.18416, 0.205146, 0.239934, 0.277546, 0.309173, 0.337362, 0.358473, 0.370367]
frac_err_geant4 = [0.0555002, 0.0513429, 0.0454452, 0.0401001, 0.0362669, 0.0339179, 0.0326194, 0.0318955, 0.0314786, 0.0312839, 0.0492625, 0.0484605, 0.0506081, 0.0536515, 0.0566518, 0.0597113, 0.0623818, 0.0648691, 0.0666271, 0.0675205]
frac_err_genie = [0.110687, 0.0950047, 0.0727891, 0.0536397, 0.0434082, 0.0431185, 0.0480768, 0.0535521, 0.0575661, 0.0596147, 0.0874142, 0.0804956, 0.0770951, 0.0795611, 0.088478, 0.102612, 0.118634, 0.134877, 0.148208, 0.155828]
