frac_err_stat = [0.498251, 0.337441, 0.327356, 0.332324, 0.388251, 0.571384, 0.884575, 1.17091, 0.48713, 0.327683, 0.267099, 0.235976, 0.232646, 0.231589, 0.224566, 0.245446, 0.290219, 0.359539]
frac_err_mcstat = [0.145096, 0.0964515, 0.091186, 0.0925907, 0.11168, 0.167196, 0.268953, 0.375526, 0.148147, 0.0891899, 0.070617, 0.0615487, 0.059942, 0.0596705, 0.0589174, 0.065945, 0.078339, 0.0968564]
frac_err_dirt = [0.00830596, 0.00389743, 0.00331434, 0.00412689, 0.0105741, 0.0140791, 0.0128777, 0.011, 0.00637976, 0.00521924, 0.00410556, 0.00356535, 0.00361436, 0.00360685, 0.00363205, 0.00417436, 0.00496827, 0.00620057]
frac_err_flux = [0.048754, 0.0389511, 0.0322152, 0.0305474, 0.0425476, 0.061008, 0.0882475, 0.0982371, 0.0517653, 0.0370075, 0.0318659, 0.0308422, 0.0326044, 0.0367749, 0.0424719, 0.0486252, 0.0530036, 0.0585952]
frac_err_det = [0.153861, 0.100915, 0.0941249, 0.0895405, 0.10399, 0.148354, 0.227462, 0.309651, 0.130164, 0.087933, 0.0694236, 0.059482, 0.0618637, 0.0638588, 0.0619897, 0.0679804, 0.0806399, 0.0999922]
frac_err_xs = [0.170415, 0.140117, 0.125822, 0.123766, 0.164541, 0.255987, 0.462796, 0.621474, 0.299735, 0.183618, 0.140896, 0.12057, 0.107701, 0.105871, 0.114212, 0.129208, 0.143983, 0.163254]
