GENIE_y = [0.120285, 0.131546, 0.148521, 0.17424, 0.203695, 0.233363, 0.264687, 0.281908, 0.329213, 0.378384, 0.424262, 0.473052, 0.534799, 0.602179, 0.654187, 0.714206, 0.594732, 0.385236]
y = [0.0853412, 0.111347, 0.131517, 0.145174, 0.12753, 0.100605, 0.0683053, 0.0582494, 0.141724, 0.253586, 0.344158, 0.399364, 0.445788, 0.481406, 0.49414, 0.505531, 0.4005, 0.241284]
yerr_stat = [0.0425214, 0.0375731, 0.0430528, 0.0482449, 0.0495136, 0.0574843, 0.0604212, 0.0682047, 0.0690383, 0.0830957, 0.0919243, 0.0942401, 0.103711, 0.111488, 0.110967, 0.12408, 0.116233, 0.0867511]
yerr_tot = [0.0486121, 0.0437692, 0.0494224, 0.0549553, 0.0574622, 0.0671794, 0.0725672, 0.082458, 0.0860616, 0.100854, 0.109933, 0.111902, 0.121447, 0.13082, 0.133148, 0.150212, 0.138987, 0.102018]
yerr_sys = [0.0235599, 0.0224501, 0.0242699, 0.0263157, 0.0291601, 0.0347654, 0.0401905, 0.0463405, 0.051384, 0.0571551, 0.0602918, 0.060339, 0.0631947, 0.0684418, 0.0735845, 0.0846618, 0.0762057, 0.053684]
chi2 = '15.2688'
