frac_err_stat = [0.087169, 0.0782132, 0.06551, 0.0553632, 0.0521486, 0.0540913, 0.0572243, 0.0600231, 0.062228, 0.0634869]
frac_err_mcstat = [0, 0, 0, 0, 0, 0, 0, 0, 0, 0]
frac_err_dirt = [0.00376369, 0.00352699, 0.00322907, 0.0030144, 0.00299116, 0.00307831, 0.00314681, 0.00319185, 0.00323423, 0.00326394]
frac_err_flux = [0.0168176, 0.015323, 0.0132919, 0.0113252, 0.00985299, 0.0092283, 0.00939091, 0.0100144, 0.0106706, 0.01107]
frac_err_det = [0.0940578, 0.0851873, 0.0732903, 0.0639198, 0.0604307, 0.061458, 0.0639268, 0.066529, 0.0688075, 0.070157]
frac_err_geant4 = [0.0056979, 0.00620606, 0.0070063, 0.00793857, 0.00886189, 0.00957853, 0.0100996, 0.0104856, 0.0107586, 0.0109029]
frac_err_genie = [0.0833179, 0.0769002, 0.0692004, 0.0634871, 0.0609939, 0.0610364, 0.0622633, 0.063986, 0.0656116, 0.0665803]
frac_err_rw = [0.051141, 0.0474218, 0.0423054, 0.0380723, 0.0361502, 0.036271, 0.0373366, 0.0385746, 0.0395349, 0.040044]
frac_err_rw_cor = [0.0195133, 0.0201928, 0.021121, 0.0216159, 0.0218249, 0.0221153, 0.0225913, 0.0231501, 0.0236471, 0.0239218]
