frac_err_stat = [0.351859, 0.200128, 0.560259, -0.585529, -0.537701, 0.347591, 0.292846, 0.452759, -0.588588, -0.621873, -1.71415, -0.257563, -1.84946, 3.3104, -0.669029, -0.513311, -0.257222, -0.537255, -2.36185, -0.950697]
frac_err_mcstat = [0.17179, 0.0951614, 0.341109, -0.329702, -0.313129, 0.189261, 0.187748, 0.32092, -0.450858, -0.349964, -1.39621, -0.282268, -2.22798, 4.04279, -0.494764, -0.453454, -0.260184, -0.606686, -2.64463, -0.579346]
frac_err_dirt = [0.0245269, 0.0103475, 0.0328061, -0.0210707, -0.0274567, 0.0276253, 0.0246746, 0.0283525, -0.0293469, -0.0295888, -0.168739, -0.0313472, -0.174078, 0.222928, -0.0267045, -0.0529823, -0.0295738, -0.052412, -0.16994, -0.0294893]
frac_err_flux = [0.0846191, 0.063997, 0.129519, -0.117147, -0.11829, 0.0780439, 0.0698476, 0.0831213, -0.120008, -0.148967, -0.103587, -0.0504119, -0.161409, 0.388097, -0.126641, -0.0488138, -0.0575645, -0.100394, -0.423299, -0.0636037]
frac_err_det = [0.104004, 0.0614351, 0.134467, -0.138626, -0.301672, 0.0844173, 0.0797728, 0.103956, -0.189283, -0.321233, -0.32876, -0.0567967, -0.466988, 1.85109, -0.180001, -0.108398, -0.0610184, -0.131453, -0.547177, -0.148271]
frac_err_geant4 = [0.0326836, 0.0140844, 0.0435852, -0.0281913, -0.036228, 0.0432154, 0.0140722, 0.00927413, -0.0467994, -0.0382455, -0.204077, -0.00695946, -0.0749497, 0.0875203, -0.0381378, -0.0401449, -0.00858347, -0.0144428, -0.0816878, -0.0283559]
frac_err_genie = [0.0912219, 0.0636077, 0.124677, -0.203206, -0.257593, 0.0899388, 0.0789712, 0.103955, -0.263867, -0.337821, -0.299393, -0.0489487, -0.339665, 1.19232, -0.220031, -0.0713745, -0.0495988, -0.114224, -0.332576, -0.139344]
frac_err_rw = [0.0954949, 0.0867345, 0.148966, -0.141254, -0.134331, 0.076891, 0.111242, 0.131225, -0.15183, -0.174451, -0.244586, -0.0411734, -0.171911, 0.39566, -0.117378, -0.0946605, -0.0661381, -0.0966458, -0.282239, -0.138221]
frac_err_rw_cor = [0.067604, 0.089622, 0.11432, -0.128978, -0.0726242, 0.0382722, 0.0847677, 0.0916859, -0.0877841, -0.113486, -0.170776, -0.0545266, -0.129244, 0.195517, -0.0971165, -0.066894, -0.0653801, -0.138922, -0.435093, -0.019062]
