GENIE_y = [0.0601348, 0.0703545, 0.0858402, 0.115578, 0.144564, 0.191838, 0.231103, 0.260315, 0.0623253, 0.0611831, 0.0769695, 0.0997888, 0.140351, 0.197861, 0.287837, 0.386059]
y = [0.0399712, 0.0520218, 0.0574786, 0.0673669, 0.082313, 0.107558, 0.13638, 0.18542, 0.0694738, 0.0832554, 0.0924699, 0.104567, 0.167381, 0.242828, 0.311613, 0.353823]
yerr_stat = [0.0169404, 0.0161542, 0.0174878, 0.0228042, 0.0254577, 0.0304377, 0.0417458, 0.0586874, 0.0200586, 0.023461, 0.0264593, 0.0280046, 0.0283185, 0.0420052, 0.0665592, 0.0961849]
yerr_tot = [0.0205861, 0.0203367, 0.0226367, 0.0294591, 0.0332945, 0.0404507, 0.0531238, 0.0701912, 0.0228118, 0.026392, 0.0304447, 0.0333241, 0.0355924, 0.0504997, 0.07949, 0.114198]
yerr_sys = [0.0116966, 0.0123541, 0.0143735, 0.0186496, 0.0214576, 0.0266421, 0.0328547, 0.0385045, 0.0108642, 0.012088, 0.0150594, 0.0180622, 0.0215612, 0.0280319, 0.0434572, 0.0615594]
chi2 = '13.109'
