frac_err_stat = [0.423815, 0.310528, 0.304249, 0.338508, 0.309279, 0.282988, 0.3061, 0.316511, 0.288721, 0.281796, 0.28614, 0.267815, 0.169186, 0.172983, 0.213596, 0.271844]
frac_err_mcstat = [0.117334, 0.0854506, 0.0849882, 0.0964608, 0.0884245, 0.0785896, 0.0828582, 0.0867938, 0.0772549, 0.0755276, 0.0777683, 0.0739315, 0.0456806, 0.0449748, 0.0566365, 0.0727087]
frac_err_dirt = [0.00705088, 0.00503378, 0.00552684, 0.00540601, 0.00430631, 0.00416112, 0.00496695, 0.00576534, 0.00488251, 0.00501317, 0.00601487, 0.00656112, 0.00423195, 0.00370521, 0.00407727, 0.00455146]
frac_err_flux = [0.0724893, 0.0585741, 0.0589585, 0.0638348, 0.0645471, 0.069968, 0.0697475, 0.0534307, 0.0270739, 0.0204957, 0.0276248, 0.0345737, 0.0306939, 0.028194, 0.0347305, 0.0431491]
frac_err_det = [0.1427, 0.104101, 0.100402, 0.109097, 0.108083, 0.105353, 0.111205, 0.110185, 0.0976278, 0.0930167, 0.0960043, 0.0985019, 0.0695866, 0.06292, 0.0750485, 0.0938651]
frac_err_xs = [0.21493, 0.18655, 0.204262, 0.226555, 0.210404, 0.197906, 0.184159, 0.143392, 0.090542, 0.0792399, 0.102267, 0.115887, 0.0932968, 0.0808447, 0.0968817, 0.119543]
