frac_err_stat = [0.102612, 0.0733397, 0.0582423, 0.0671614, 0.0996476, 0.0589263, 0.117165, 0.126167]
frac_err_mcstat = [0.0562649, 0.0390752, 0.0321486, 0.0356099, 0.0503457, 0.0317774, 0.0597671, 0.0696148]
frac_err_dirt = [0.00703028, 0.00590738, 0.00447231, 0.00375804, 0.00420193, 0.00332777, 0.0051974, 0.00803904]
frac_err_flux = [0.0791789, 0.0624608, 0.0585044, 0.0629908, 0.0676691, 0.0646206, 0.0712136, 0.129113]
frac_err_det = [0.126646, 0.0833746, 0.0717432, 0.0763346, 0.100926, 0.069259, 0.120744, 0.164102]
frac_err_geant4 = [0.0166357, 0.026973, 0.025538, 0.0174702, 0.0156019, 0.0248141, 0.031115, 0.0190735]
frac_err_genie = [0.0803339, 0.0504764, 0.0505834, 0.0494836, 0.052888, 0.0503122, 0.0639006, 0.110881]
frac_err_rw = [0.064916, 0.0501704, 0.0406101, 0.0388155, 0.0420831, 0.0371172, 0.0448606, 0.0637265]
frac_err_rw_cor = [0.0321291, 0.0273469, 0.0255599, 0.0257622, 0.0260029, 0.0249447, 0.0259927, 0.0353645]
