x = [0.5, 1.5, 2.5, 3.5, 4.5, 5.5, 6.5, 7.5]
GENIE_y = [0.628824, 1.36385, 1.28954, 0.958895, 0.762793, 0.62869, 0.406246, 0.0903761]
y = [0.628824, 1.36385, 1.28954, 0.958895, 0.762793, 0.62869, 0.406246, 0.0903761]
yerr_stat = [0.0645252, 0.100025, 0.075106, 0.0644007, 0.0760104, 0.0370463, 0.0475976, 0.0114025]
yerr_tot = [0.137811, 0.21275, 0.175534, 0.137332, 0.13801, 0.0857713, 0.085906, 0.0259426]
yerr_sys = [0.121772, 0.187771, 0.158654, 0.121296, 0.115192, 0.0773582, 0.0715143, 0.0233024]
chi2 = '3.0971e-13'
