GENIE_y = [0.121315, 0.132582, 0.15286, 0.176189, 0.202686, 0.235177, 0.273738, 0.308623, 0.353995, 0.399327, 0.445728, 0.493552, 0.540617, 0.585909, 0.625312, 0.68409, 0.712992, 0.745706]
y = [0.0869642, 0.0929113, 0.103873, 0.116446, 0.130391, 0.147132, 0.168723, 0.190234, 0.222267, 0.256193, 0.291739, 0.328126, 0.363225, 0.395736, 0.423313, 0.462974, 0.482373, 0.503702]
yerr_stat = [0.0284221, 0.0277026, 0.0270729, 0.0263281, 0.0256816, 0.0255799, 0.0273175, 0.0314642, 0.0387737, 0.0467628, 0.054562, 0.0621023, 0.0694775, 0.0768928, 0.0839277, 0.0938865, 0.0996755, 0.105343]
yerr_tot = [0.0339498, 0.0335624, 0.0335607, 0.0336382, 0.0341907, 0.0358579, 0.0396911, 0.0452486, 0.0539695, 0.0630934, 0.0719913, 0.0806784, 0.0891795, 0.0977025, 0.105714, 0.117412, 0.123999, 0.130692]
yerr_sys = [0.0185681, 0.0189472, 0.0198338, 0.0209371, 0.0225712, 0.0251288, 0.0287947, 0.0325182, 0.0375407, 0.0423558, 0.0469652, 0.0515005, 0.0559095, 0.0602767, 0.0642769, 0.0705048, 0.0737602, 0.0773525]
chi2 = '15.2688'
