frac_err_stat = [0.326825, 0.298162, 0.260635, 0.226097, 0.196959, 0.173856, 0.161907, 0.165397, 0.174446, 0.182529, 0.187023, 0.189263, 0.19128, 0.194303, 0.198264, 0.20279, 0.206636, 0.209137]
frac_err_mcstat = [0.0933451, 0.08475, 0.0736078, 0.063761, 0.0558261, 0.0497122, 0.0466481, 0.0476586, 0.04956, 0.0510082, 0.0515287, 0.0516, 0.051819, 0.0524971, 0.0535602, 0.0548419, 0.0559484, 0.0566668]
frac_err_dirt = [0.0049467, 0.00441715, 0.00398102, 0.00393116, 0.00387306, 0.00342414, 0.00283578, 0.00255613, 0.00260067, 0.00272514, 0.00280948, 0.00286095, 0.00291723, 0.0030007, 0.00310573, 0.00321873, 0.00330973, 0.00336658]
frac_err_flux = [0.0411885, 0.0416043, 0.0420921, 0.0424443, 0.0428564, 0.0432723, 0.0433571, 0.0430642, 0.0425356, 0.0420718, 0.0418189, 0.0418572, 0.0421366, 0.0426327, 0.0431998, 0.0437538, 0.044149, 0.0444131]
frac_err_det = [0.0970965, 0.0881306, 0.0758183, 0.0647574, 0.056228, 0.050211, 0.0474775, 0.0483819, 0.050182, 0.0516185, 0.0523078, 0.0526579, 0.0531312, 0.0539155, 0.0549241, 0.0560937, 0.0570839, 0.0577536]
frac_err_xs = [0.160395, 0.157755, 0.153313, 0.149173, 0.147767, 0.149307, 0.151022, 0.150819, 0.147433, 0.142441, 0.136995, 0.132056, 0.128066, 0.125342, 0.123673, 0.122932, 0.122609, 0.122689]
