x = [0.5, 1.5, 2.5, 3.5, 4.5, 5.5, 6.5, 7.5]
GENIE_y = [0.628929, 1.40942, 1.33465, 0.984669, 0.786699, 0.651599, 0.422004, 0.089668]
y = [0.484852, 1.39639, 1.28398, 0.778569, 0.564022, 0.615004, 0.49794, 0.0939501]
yerr_stat = [0.0774972, 0.118616, 0.0917245, 0.0740833, 0.0915404, 0.0437438, 0.0601206, 0.0128886]
yerr_tot = [0.0984841, 0.15064, 0.122126, 0.0939019, 0.109385, 0.0576377, 0.0717974, 0.0169454]
yerr_sys = [0.0607724, 0.0928587, 0.0806313, 0.0576995, 0.0598776, 0.0375312, 0.0392477, 0.0110014]
chi2 = '6.99116'
