x = [0.5, 1.5, 2.5, 3.5, 4.5, 5.5, 6.5, 7.5, 8.5, 9.5, 10.5, 11.5, 12.5, 13.5, 14.5, 15.5]
GENIE_y = [0.249765, 0.471398, 0.447911, 0.372981, 0.312613, 0.23617, 0.152819, 0.0467902, 0.439383, 0.92492, 0.83804, 0.597614, 0.467863, 0.383215, 0.23958, 0.0475223]
y = [0.383083, 0.665733, 0.578287, 0.451939, 0.359167, 0.250248, 0.143666, 0.0393522, 0.251545, 0.758697, 0.65337, 0.329094, 0.206524, 0.292187, 0.262804, 0.0453902]
yerr_stat = [0.0506846, 0.0769508, 0.0549866, 0.0376837, 0.0333046, 0.0232678, 0.0173548, 0.00890399, 0.0551977, 0.0807803, 0.0610318, 0.0497186, 0.0599197, 0.0300209, 0.0389187, 0.00912365]
yerr_tot = [0.0628957, 0.0963134, 0.0689146, 0.0469005, 0.041405, 0.0294916, 0.0214028, 0.0107723, 0.0695926, 0.0998835, 0.0791436, 0.0625365, 0.0715243, 0.0395885, 0.0470979, 0.0117128]
yerr_sys = [0.0787789, 0.121871, 0.0925131, 0.066775, 0.056445, 0.0367219, 0.0301464, 0.0143318, 0.0973268, 0.154285, 0.113456, 0.0866127, 0.0857432, 0.0522402, 0.0511008, 0.0181226]
chi2 = '-0.000520801'
chi2_ch1 = '9.23947'
chi2_ch2 = '24.1735'
