frac_err_stat = [0.132307, 0.115588, 0.0950852, 0.0833823, 0.0927274, 0.0929786, 0.120799, 0.226264, 0.219434, 0.106472, 0.0934107, 0.151077, 0.290134, 0.102746, 0.14809, 0.201005]
frac_err_mcstat = [0.066791, 0.0582881, 0.0479238, 0.0419005, 0.0463015, 0.0462559, 0.0597088, 0.112168, 0.115026, 0.0546086, 0.0479377, 0.0783584, 0.148943, 0.052835, 0.0744881, 0.111153]
frac_err_dirt = [0, 0, 0, 0, 0, 0, 0, 0, 0, 0, 0, 0, 0, 0, 0, 0]
frac_err_flux = [0.0575967, 0.0581798, 0.057958, 0.0569403, 0.0577963, 0.0651995, 0.0899146, 0.14539, 0.14486, 0.0764871, 0.0783096, 0.130112, 0.180627, 0.0957044, 0.0693911, 0.156915]
frac_err_det = [0.165484, 0.143641, 0.124612, 0.11734, 0.127024, 0.108645, 0.167804, 0.295194, 0.312602, 0.169811, 0.132651, 0.195886, 0.321294, 0.121637, 0.150121, 0.328607]
frac_err_geant4 = [0.0462225, 0.0438702, 0.0393109, 0.0316687, 0.0230422, 0.0153287, 0.0136757, 0.024923, 0.0510879, 0.0259187, 0.0218514, 0.0260863, 0.0273773, 0.0144983, 0.0164533, 0.0249012]
frac_err_genie = [0.0706386, 0.0645918, 0.0535131, 0.0454008, 0.0504719, 0.0557117, 0.0635314, 0.105624, 0.123119, 0.0548963, 0.0604087, 0.0845318, 0.116527, 0.0707777, 0.0681035, 0.117605]
