frac_err_stat = [0.196746, 0.193601, 0.187645, 0.179497, 0.169991, 0.1602, 0.151324, 0.144621, 0.140898, 0.140479, 0.142995, 0.147643, 0.15349, 0.159652, 0.165399, 0.170181, 0.173586, 0.175364]
frac_err_mcstat = [0.0561964, 0.0552934, 0.0535845, 0.0512413, 0.0484808, 0.0455839, 0.0428698, 0.0406974, 0.0393079, 0.0388324, 0.0392042, 0.0402215, 0.0416321, 0.0431886, 0.0446793, 0.0459413, 0.0468499, 0.0473276]
frac_err_dirt = [0.00332567, 0.00327658, 0.00318509, 0.00306172, 0.0029162, 0.00275816, 0.00260601, 0.00248045, 0.00239956, 0.00237234, 0.00239465, 0.00245348, 0.00253291, 0.00261932, 0.00270124, 0.00277069, 0.00282078, 0.0028472]
frac_err_flux = [0.0419192, 0.0419724, 0.0420664, 0.0421839, 0.0422982, 0.0423778, 0.0424128, 0.042417, 0.0424165, 0.0424467, 0.0425305, 0.0426714, 0.0428526, 0.0430543, 0.043248, 0.0434146, 0.043534, 0.0435983]
frac_err_det = [0.05927, 0.0583633, 0.056644, 0.0542953, 0.0515591, 0.0487395, 0.0461548, 0.0441172, 0.0428085, 0.042316, 0.0425774, 0.0434279, 0.0446549, 0.0460309, 0.0473567, 0.0484807, 0.0492895, 0.0497152]
frac_err_xs = [0.151551, 0.150811, 0.149376, 0.147338, 0.144794, 0.14185, 0.138668, 0.135472, 0.132461, 0.129833, 0.127692, 0.126055, 0.124872, 0.12407, 0.123554, 0.123253, 0.123091, 0.123028]
