GENIE_y = [0.130976, 0.146409, 0.172811, 0.190582, 0.206072, 0.23322, 0.272848, 0.288107, 0.33483, 0.37486, 0.415058, 0.459956, 0.505259, 0.55199, 0.590573, 0.729465, 0.778772, 0.88591]
y = [0.0854808, 0.0955224, 0.112708, 0.124304, 0.134567, 0.152742, 0.179581, 0.190818, 0.223325, 0.251651, 0.280074, 0.311469, 0.342846, 0.374889, 0.401166, 0.495402, 0.52873, 0.601323]
yerr_stat = [0.016818, 0.0184932, 0.0211492, 0.0223123, 0.0228752, 0.0244693, 0.0271749, 0.0275963, 0.0314661, 0.0353516, 0.0400492, 0.0459863, 0.0526234, 0.0598518, 0.0663524, 0.0843078, 0.0917799, 0.10545]
yerr_tot = [0.0226348, 0.0249936, 0.0288197, 0.0307739, 0.032034, 0.0348447, 0.0393038, 0.0403326, 0.0460834, 0.0513866, 0.0573415, 0.064602, 0.0725039, 0.0810374, 0.0885651, 0.111335, 0.12035, 0.137792]
yerr_sys = [0.0151489, 0.016813, 0.0195778, 0.0211942, 0.0224254, 0.0248075, 0.0283957, 0.0294136, 0.0336685, 0.0372941, 0.041038, 0.0453726, 0.0498758, 0.0546335, 0.0586611, 0.0727159, 0.0778489, 0.0886952]
chi2 = '0.000323936'
