frac_err_stat = [0.0812107, 0.0720777, 0.0647162, 0.0635993, 0.0745358, 0.0989836, 0.138261, 0.204238, 0.13637, 0.116787, 0.105936, 0.123057, 0.155948, 0.164293, 0.436921, 1.5752]
frac_err_mcstat = [0.0394285, 0.0346696, 0.0308491, 0.0300999, 0.0350001, 0.0466941, 0.0666666, 0.100355, 0.0673327, 0.0568848, 0.0517448, 0.0588437, 0.0738245, 0.078801, 0.219138, 0.826912]
frac_err_dirt = [0.0074189, 0.00639989, 0.00509397, 0.0037712, 0.00365283, 0.00530536, 0.00896465, 0.0139668, 0.00576998, 0.00569647, 0.00477605, 0.00457007, 0.00471231, 0.00597227, 0.0144827, 0.0406784]
frac_err_flux = [0.0164228, 0.0145868, 0.0128254, 0.0117721, 0.011196, 0.0155485, 0.0316323, 0.0516556, 0.0265177, 0.0195861, 0.0180991, 0.0140428, 0.0118397, 0.014019, 0.0544778, 0.5898]
frac_err_det = [0.0830629, 0.071906, 0.0640652, 0.0637971, 0.0756371, 0.0999813, 0.145605, 0.221547, 0.149742, 0.131001, 0.120294, 0.125827, 0.148566, 0.164705, 0.470413, 1.77099]
frac_err_geant4 = [0.00963118, 0.00934146, 0.00956099, 0.0103286, 0.0114888, 0.0131711, 0.0165936, 0.0221907, 0.0126318, 0.0109631, 0.0111345, 0.0114288, 0.0121661, 0.0181861, 0.0495896, 0.210265]
frac_err_genie = [0.0600416, 0.0587851, 0.0595647, 0.0627219, 0.0684025, 0.0799316, 0.106652, 0.145159, 0.114686, 0.100572, 0.106641, 0.117865, 0.127181, 0.163852, 0.346895, 1.4214]
frac_err_rw = [0.03856, 0.037445, 0.0359994, 0.0367968, 0.0430334, 0.0565297, 0.0757987, 0.0901765, 0.0915795, 0.0775187, 0.0615418, 0.057767, 0.0634, 0.0886221, 0.193531, 0.657394]
frac_err_rw_cor = [0.0165552, 0.0129891, 0.00902435, 0.00764813, 0.0102909, 0.0126682, 0.0120422, 0.0160688, 0.122573, 0.127873, 0.126805, 0.107337, 0.0831439, 0.10155, 0.182012, 0.145353]
