frac_err_stat = [0.158977, 0.144879, 0.120546, 0.0933101, 0.073226, 0.0681205, 0.074365, 0.083293, 0.0904773, 0.0943337, 0.189861, 0.173574, 0.153137, 0.138803, 0.138081, 0.146431, 0.156841, 0.166439, 0.173808, 0.177772]
frac_err_mcstat = [0.0770907, 0.0704779, 0.059023, 0.0460473, 0.0360397, 0.0326782, 0.0348237, 0.0385891, 0.0417486, 0.043467, 0.0915696, 0.0842277, 0.0751865, 0.0684516, 0.0676245, 0.0709952, 0.0754666, 0.0797709, 0.0831625, 0.0850079]
frac_err_dirt = [0.00799719, 0.00730695, 0.00614096, 0.00490526, 0.00413148, 0.00411123, 0.0045349, 0.00503704, 0.00544208, 0.00566274, 0.00545931, 0.00514726, 0.00483667, 0.00470878, 0.00479184, 0.0050538, 0.00533862, 0.00555346, 0.00569168, 0.0057597]
frac_err_flux = [0.041211, 0.0415323, 0.042484, 0.0442079, 0.0464621, 0.0488274, 0.0510686, 0.0530059, 0.0544233, 0.0551708, 0.114366, 0.116374, 0.119564, 0.121396, 0.124002, 0.126494, 0.128487, 0.13076, 0.132837, 0.134043]
frac_err_det = [0.16277, 0.149286, 0.126272, 0.100886, 0.0819918, 0.0756348, 0.0791958, 0.0859788, 0.0918895, 0.0951629, 0.173936, 0.161931, 0.149277, 0.142271, 0.144693, 0.152666, 0.161346, 0.169469, 0.175839, 0.179301]
frac_err_geant4 = [0.0421309, 0.0414761, 0.0403828, 0.0390801, 0.0377538, 0.0366731, 0.0360812, 0.0358766, 0.0358393, 0.0358421, 0.0529988, 0.049992, 0.0468193, 0.0436911, 0.0415696, 0.039851, 0.038234, 0.0370171, 0.0362606, 0.0358886]
frac_err_genie = [0.100014, 0.0912405, 0.076134, 0.0596639, 0.0489966, 0.0495329, 0.0577555, 0.0671611, 0.0743736, 0.0781576, 0.138158, 0.125469, 0.114268, 0.113704, 0.123614, 0.135463, 0.144341, 0.150812, 0.15538, 0.157744]
frac_err_rw = [0.0597391, 0.0570314, 0.0522498, 0.0465054, 0.0411442, 0.03718, 0.0348733, 0.033827, 0.0334548, 0.0333566, 0.124692, 0.117407, 0.10673, 0.0959443, 0.0882999, 0.0822939, 0.0774826, 0.0743409, 0.0725878, 0.0718104]
frac_err_rw_cor = [0.0608709, 0.0568966, 0.0498405, 0.0412592, 0.0329593, 0.026481, 0.0225068, 0.0206518, 0.0200426, 0.01993, 0.197145, 0.197366, 0.199904, 0.203891, 0.210447, 0.215165, 0.216963, 0.217878, 0.218533, 0.218844]
