x = [0.5, 1.5, 2.5, 3.5, 4.5, 5.5, 6.5, 7.5, 8.5, 9.5, 10.5, 11.5, 12.5, 13.5, 14.5, 15.5, 16.5, 17.5, 18.5, 19.5]
GENIE_y = [0.0379944, 0.0471686, 0.0615329, 0.0820721, 0.1122, 0.148062, 0.189941, 0.234751, 0.282275, 0.336686, 0.0758387, 0.0877485, 0.107434, 0.131439, 0.165382, 0.204048, 0.241768, 0.274908, 0.308363, 0.333669]
y = [0.0631666, 0.0765988, 0.0959603, 0.122364, 0.160857, 0.206218, 0.258993, 0.314942, 0.374457, 0.444128, 0.0430671, 0.0492884, 0.0593636, 0.0722007, 0.0899361, 0.110425, 0.130949, 0.148609, 0.166035, 0.179193]
yerr_stat = [0.0100421, 0.0110976, 0.0115676, 0.0114178, 0.0117789, 0.0140477, 0.01926, 0.0262324, 0.0338798, 0.0418963, 0.00817678, 0.00855516, 0.00909074, 0.0100216, 0.0124185, 0.0161697, 0.0205381, 0.0247344, 0.0288582, 0.0318555]
yerr_tot = [0.0177008, 0.0197614, 0.0211208, 0.021867, 0.0239481, 0.0289529, 0.038418, 0.050805, 0.0645339, 0.0792283, 0.0174465, 0.0189611, 0.0215931, 0.0254825, 0.0323105, 0.0411432, 0.0504173, 0.0588887, 0.0672812, 0.0734908]
yerr_sys = [0.0145765, 0.016351, 0.0176714, 0.0186494, 0.020851, 0.0253166, 0.0332415, 0.0435087, 0.0549252, 0.0672445, 0.0154117, 0.0169214, 0.0195862, 0.0234292, 0.0298287, 0.0378326, 0.0460444, 0.0534424, 0.0607779, 0.0662278]
chi2 = '25.3503'
chi2_ch1 = '14.7526'
chi2_ch2 = '11.3301'
chi2 = [chi2_ch1,chi2_ch2]
