 Stat. Cov. (reco space) 
[[242.859, 0, 0, 0, 0, 0, 0, 0],
[0, 1.811, 0, 0, 0, 0, 0, 0],
[0, 0, 201.335, 0, 0, 0, 0, 0],
[0, 0, 0, 3.63379, 0, 0, 0, 0],
[0, 0, 0, 0, 71.9294, 0, 0, 0],
[0, 0, 0, 0, 0, 1.31629, 0, 0],
[0, 0, 0, 0, 0, 0, 57.6089, 0],
[0, 0, 0, 0, 0, 0, 0, 0.409522]]

 MC Stat. Cov. (reco space) 
[[15.5857, 0, 0, 0, 0, 0, 0, 0],
[0, 0.40744, 0, 0, 0, 0, 0, 0],
[0, 0, 15.1962, 0, 0, 0, 0, 0],
[0, 0, 0, 0.250274, 0, 0, 0, 0],
[0, 0, 0, 0, 5.61357, 0, 0, 0],
[0, 0, 0, 0, 0, 0.105194, 0, 0],
[0, 0, 0, 0, 0, 0, 4.41502, 0],
[0, 0, 0, 0, 0, 0, 0, 0.0896183]]

 Dirt Cov. (reco space) 
[[1.73015, 0, 0, 0, 0, 0, 0, 0],
[0, 0, 0, 0, 0, 0, 0, 0],
[0, 0, 0.239902, 0, 0, 0, 0, 0],
[0, 0, 0, 0.00048861, 0, 0, 0, 0],
[0, 0, 0, 0, 0.362773, 0, 0, 0],
[0, 0, 0, 0, 0, 0, 0, 0],
[0, 0, 0, 0, 0, 0, 0.0259988, 0],
[0, 0, 0, 0, 0, 0, 0, 0]]

 Flux Cov. (reco space) 
[[289.814, 2.6096, 278.624, 3.43109, 88.978, 1.5223, 70.4047, 0.806469],
[2.6096, 0.0342404, 2.68854, 0.0368577, 0.776126, 0.0156601, 0.643197, 0.0110118],
[278.624, 2.68854, 303.506, 3.43187, 87.3024, 1.50451, 76.2693, 0.878324],
[3.43109, 0.0368577, 3.43187, 0.0517993, 1.03118, 0.0197616, 0.835684, 0.0126015],
[88.978, 0.776126, 87.3024, 1.03118, 28.1808, 0.4674, 22.6524, 0.227735],
[1.5223, 0.0156601, 1.50451, 0.0197616, 0.4674, 0.00995061, 0.368907, 0.00530594],
[70.4047, 0.643197, 76.2693, 0.835684, 22.6524, 0.368907, 19.876, 0.199549],
[0.806469, 0.0110118, 0.878324, 0.0126015, 0.227735, 0.00530594, 0.199549, 0.00498908]]

 Det. Cov. (reco space) 
[[671.524, -2.56932, -471.706, -16.7164, 191.091, -4.57563, -153.422, 1.74679],
[-2.56932, 2.16923, -2.07752, 0.185192, -1.84183, 0.211034, 0.0732987, -0.044915],
[-471.706, -2.07752, 481.123, 15.9014, -153.141, 2.26853, 124.507, -2.42766],
[-16.7164, 0.185192, 15.9014, 3.21074, -7.50536, 0.225672, 5.43925, -0.478844],
[191.091, -1.84183, -153.141, -7.50536, 97.7593, -2.64825, -59.6194, 1.15405],
[-4.57563, 0.211034, 2.26853, 0.225672, -2.64825, 1.16984, 2.39359, -0.0108503],
[-153.422, 0.0732987, 124.507, 5.43925, -59.6194, 2.39359, 80.2205, -0.381482],
[1.74679, -0.044915, -2.42766, -0.478844, 1.15405, -0.0108503, -0.381482, 0.978374]]

 XSec. Cov. (reco space) 
[[335.309, 2.88862, 268.878, 4.71177, 136.327, 1.94063, 103.804, 0.496938],
[2.88862, 0.127501, 0.10215, 0.028067, 0.770587, 0.0243568, 0.426653, 0.000996694],
[268.878, 0.10215, 383.487, 4.67511, 136.044, 1.22242, 116.865, 0.932977],
[4.71177, 0.028067, 4.67511, 0.128477, 2.12783, 0.0394197, 1.75004, 0.0135425],
[136.327, 0.770587, 136.044, 2.12783, 65.6998, 0.835849, 51.8359, 0.366144],
[1.94063, 0.0243568, 1.22242, 0.0394197, 0.835849, 0.0295363, 0.576434, 0.00705842],
[103.804, 0.426653, 116.865, 1.75004, 51.8359, 0.576434, 45.049, 0.331091],
[0.496938, 0.000996694, 0.932977, 0.0135425, 0.366144, 0.00705842, 0.331091, 0.0232596]]

 Tot. Cov. (reco space) 
[[1556.82, 2.9289, 75.7965, -8.57352, 416.396, -1.1127, 20.7867, 3.05019],
[2.9289, 4.54942, 0.713176, 0.250117, -0.295115, 0.251051, 1.14315, -0.0329066],
[75.7965, 0.713176, 1384.89, 24.0084, 70.2058, 4.99545, 317.641, -0.616361],
[-8.57352, 0.250117, 24.0084, 7.27557, -4.34635, 0.284853, 8.02497, -0.4527],
[416.396, -0.295115, 70.2058, -4.34635, 269.546, -1.345, 14.8688, 1.74793],
[-1.1127, 0.251051, 4.99545, 0.284853, -1.345, 2.63081, 3.33893, 0.00151404],
[20.7867, 1.14315, 317.641, 8.02497, 14.8688, 3.33893, 207.195, 0.149159],
[3.05019, -0.0329066, -0.616361, -0.4527, 1.74793, 0.00151404, 0.149159, 1.50576]]

-------------------------------------------------------------------------------

 Stat. Cov. (unfolded space) 
[[4.23281e-06]]

 MC Stat. Cov. (unfolded space) 
[[3.0715e-07]]

 Dirt Cov. (unfolded space) 
[[1.69871e-08]]

 Flux Cov. (unfolded space) 
[[4.22934e-06]]

 Det. Cov. (unfolded space) 
[[1.72303e-06]]

 XSec. Cov. (unfolded space) 
[[3.35878e-06]]

 Tot. Cov. (unfolded space) 
[[1.38681e-05]]

