frac_err_stat = [0.13301, 0.0937063, 0.0611704, 0.0564329, 0.0583384, 0.0485773, 0.0439411, 0.0452236, 0.0399234, 0.0354556, 0.0544004, 0.0386416, 0.0201283, 0.0151267, 0.0168201, 0.0189797, 0.0204106, 0.0207396, 0.025817, 0.0233101, 0.0285429, 0.0698938]
frac_err_mcstat = [0.0915116, 0.0660465, 0.0446953, 0.040324, 0.040512, 0.0347112, 0.0326538, 0.0328482, 0.028251, 0.0253091, 0.0404821, 0.0272331, 0.014063, 0.0105627, 0.0121643, 0.0145063, 0.0156474, 0.016558, 0.0203151, 0.0181094, 0.0219875, 0.0545418]
frac_err_dirt = [0.0237167, 0.0156387, 0.00852561, 0.00777606, 0.00802758, 0.00627498, 0.00478651, 0.00517207, 0.00475629, 0.00375062, 0.00560587, 0.00297235, 0.00155189, 0.00143406, 0.00127436, 0.0015557, 0.00165022, 0.00128954, 0.00203361, 0.00199178, 0.00277816, 0.00553666]
frac_err_flux = [0.17213, 0.130261, 0.086071, 0.0644732, 0.0541692, 0.0523943, 0.0523722, 0.0457589, 0.03936, 0.0434667, 0.0620834, 0.0925626, 0.061555, 0.050935, 0.0505901, 0.052438, 0.0558956, 0.0601436, 0.0652724, 0.0746398, 0.0959281, 0.209764]
frac_err_det = [0.246954, 0.175869, 0.117147, 0.103135, 0.101619, 0.0878568, 0.0842118, 0.0835235, 0.0724543, 0.063522, 0.0995474, 0.073007, 0.036099, 0.0258547, 0.028331, 0.0313278, 0.0322799, 0.0336351, 0.0421603, 0.0404913, 0.0520337, 0.132554]
frac_err_xs = [0.163147, 0.132713, 0.10124, 0.0799751, 0.0726982, 0.0721753, 0.0666335, 0.0592573, 0.0546153, 0.0547049, 0.060935, 0.0719827, 0.0358698, 0.0264274, 0.0263712, 0.0254349, 0.0262657, 0.0278341, 0.0277192, 0.0268097, 0.0287831, 0.0677104]
frac_err_rw = [0.0348862, 0.0301003, 0.025291, 0.0223085, 0.0206577, 0.0203786, 0.0200115, 0.018743, 0.0171612, 0.016634, 0.0210202, 0.0296656, 0.0227995, 0.0207241, 0.0208842, 0.0211781, 0.0218525, 0.0224149, 0.0221129, 0.021314, 0.0217522, 0.0311333]
frac_err_rw_cor = [0.0350643, 0.0303574, 0.0254206, 0.0222619, 0.0206393, 0.0203515, 0.0200474, 0.0188113, 0.0171817, 0.0166077, 0.0210323, 0.0295368, 0.0228434, 0.0207521, 0.0209047, 0.0211779, 0.021854, 0.0224304, 0.0221385, 0.021321, 0.0217361, 0.0311283]
