GENIE_y = [0.0438426, 0.0583925, 0.0621018, 0.0554203, 0.0486444, 0.0427831, 0.037461, 0.0342689, 0.0298074, 0.0180015, 0.00358758, 0.179053, 0.293576, 0.353968, 0.326745, 0.297696, 0.266188, 0.231082, 0.194919, 0.150162, 0.0824348, 0.0164333]
y = [0.0429673, 0.0625716, 0.073936, 0.0726488, 0.0664449, 0.0578965, 0.051888, 0.0501321, 0.0454517, 0.027297, 0.00487366, 0.15951, 0.320595, 0.416469, 0.38134, 0.339347, 0.291221, 0.247636, 0.212199, 0.166415, 0.0880138, 0.0136412]
yerr_stat = [0.00571508, 0.00586335, 0.00452269, 0.00409979, 0.00387629, 0.00281245, 0.00228002, 0.00226715, 0.00181459, 0.00096783, 0.000265129, 0.00616373, 0.00645304, 0.00629977, 0.00641419, 0.00644071, 0.005944, 0.00513588, 0.00547833, 0.00387915, 0.00251217, 0.000953434]
yerr_tot = [0.016435, 0.017778, 0.0145034, 0.0119493, 0.0104019, 0.00820962, 0.00698021, 0.00642739, 0.00513947, 0.00291212, 0.000738982, 0.0242306, 0.028721, 0.0299273, 0.0279268, 0.0259511, 0.0234346, 0.0210633, 0.0199837, 0.0164014, 0.0107757, 0.00376025]
yerr_sys = [0.0154094, 0.0167833, 0.0137802, 0.011224, 0.00965263, 0.00771284, 0.00659734, 0.00601426, 0.00480847, 0.00274659, 0.000689783, 0.0234335, 0.0279867, 0.0292568, 0.0271802, 0.0251391, 0.0226683, 0.0204276, 0.0192181, 0.0159361, 0.0104788, 0.00363736]
chi2 = '48.4821'
chi2_ch1 = '30.1036'
chi2_ch2 = '23.7693'
