x = [0.5, 1.5, 2.5, 3.5, 4.5, 5.5, 6.5, 7.5, 8.5]
GENIE_y = [0.113261, 0.137627, 0.17177, 0.221703, 0.299148, 0.38404, 0.462877, 0.560723, 0.67345]
y = [0.113872, 0.135138, 0.162786, 0.204258, 0.27305, 0.355361, 0.435175, 0.529334, 0.634722]
yerr_stat = [0.0105747, 0.0110823, 0.0112341, 0.0125912, 0.0166808, 0.0225299, 0.028753, 0.0356203, 0.0431156]
yerr_tot = [0.0209524, 0.0229028, 0.0252827, 0.0301421, 0.0397847, 0.0516911, 0.0636757, 0.0785122, 0.0954762]
yerr_sys = [0.0180881, 0.020043, 0.0226497, 0.0273862, 0.0361188, 0.0465228, 0.0568143, 0.0699669, 0.0851866]
chi2 = '9.26167'
