frac_err_stat = [0.0928649, 0.0820072, 0.0690114, 0.0616436, 0.0610907, 0.0634, 0.0660722, 0.0672927, 0.0679283]
frac_err_mcstat = [0.0451516, 0.0401566, 0.034423, 0.0309458, 0.0303444, 0.0308861, 0.03174, 0.0322176, 0.0325399]
frac_err_dirt = [0.00366159, 0.00351206, 0.00340798, 0.00343854, 0.003464, 0.00352347, 0.00346564, 0.00341258, 0.00343898]
frac_err_flux = [0.06474, 0.0665927, 0.0692284, 0.0718489, 0.0736288, 0.0740622, 0.0744351, 0.0759143, 0.0773091]
frac_err_det = [0.0958184, 0.0865961, 0.0776746, 0.0724605, 0.0705593, 0.0701254, 0.0703654, 0.0708273, 0.0714249]
frac_err_geant4 = [0.0178682, 0.0177309, 0.0179491, 0.0184279, 0.019465, 0.0198248, 0.0204999, 0.0211832, 0.0214892]
frac_err_genie = [0.0730016, 0.06532, 0.060055, 0.0573449, 0.0564695, 0.0556541, 0.0551299, 0.0565326, 0.0584323]
frac_err_rw = [0.0581963, 0.0551719, 0.0504159, 0.0456238, 0.0417029, 0.0383117, 0.0360446, 0.0350585, 0.0348014]
frac_err_rw_cor = [0.0277903, 0.0285309, 0.0294313, 0.0297439, 0.0292979, 0.0284944, 0.0278311, 0.0277214, 0.0278643]
