frac_err_stat = [0.112053, 0.102958, 0.087299, 0.0703378, 0.0594433, 0.0585238, 0.0636349, 0.0697011, 0.0744095, 0.0769085, 0.128133, 0.11947, 0.11546, 0.12075, 0.131513, 0.142874, 0.152986, 0.161712, 0.168431, 0.172085]
frac_err_mcstat = [0, 0, 0, 0, 0, 0, 0, 0, 0, 0, 0, 0, 0, 0, 0, 0, 0, 0, 0, 0]
frac_err_dirt = [0.005823, 0.00535351, 0.00457332, 0.00380293, 0.00343939, 0.00359678, 0.00398437, 0.00437206, 0.00466934, 0.00482896, 0.00454332, 0.00436023, 0.00427555, 0.00435427, 0.00456671, 0.00483834, 0.00511052, 0.00536607, 0.00557539, 0.00569276]
frac_err_flux = [0.016688, 0.0160398, 0.0148915, 0.0134506, 0.0120369, 0.010978, 0.0103771, 0.0101449, 0.0101089, 0.0101306, 0.0342285, 0.0313066, 0.0278625, 0.0249575, 0.0228612, 0.0212149, 0.0198712, 0.0188455, 0.0181578, 0.0178077]
frac_err_det = [0.117096, 0.107712, 0.0918717, 0.0753225, 0.0653366, 0.0650519, 0.0704884, 0.0768882, 0.0819357, 0.0846338, 0.151214, 0.142828, 0.139356, 0.14395, 0.152886, 0.16235, 0.171111, 0.179225, 0.185746, 0.189359]
frac_err_geant4 = [0.00954523, 0.00964942, 0.00988426, 0.01026, 0.0107377, 0.0112399, 0.0117163, 0.0121069, 0.0123766, 0.0125117, 0.0100205, 0.00923149, 0.00904632, 0.00933724, 0.00952773, 0.00950548, 0.00946364, 0.00956388, 0.00972798, 0.00984038]
frac_err_genie = [0.089791, 0.085032, 0.0769714, 0.0680924, 0.0612568, 0.0585939, 0.0601683, 0.0640998, 0.0680602, 0.0704147, 0.0985028, 0.0937421, 0.0941067, 0.101578, 0.112305, 0.121638, 0.128626, 0.134215, 0.138385, 0.140611]
frac_err_rw = [0.0499175, 0.0484321, 0.0460814, 0.043747, 0.0422635, 0.0418533, 0.0422184, 0.0428979, 0.0435191, 0.0438701, 0.0658405, 0.0608535, 0.0575653, 0.0585757, 0.0622763, 0.0663824, 0.070213, 0.0738239, 0.0767172, 0.0783131]
frac_err_rw_cor = [0.0536879, 0.0477825, 0.0367255, 0.0222918, 0.00763052, 0.00838305, 0.0185825, 0.0261658, 0.03104, 0.0334221, 0.202119, 0.198671, 0.200183, 0.20364, 0.205622, 0.205533, 0.205367, 0.206941, 0.20918, 0.210673]
