x = [0.5, 1.5, 2.5, 3.5, 4.5, 5.5, 6.5, 7.5, 8.5, 9.5, 10.5, 11.5, 12.5, 13.5, 14.5, 15.5, 16.5, 17.5, 18.5, 19.5]
GENIE_y = [0.0564156, 0.0670529, 0.0808342, 0.096648, 0.118808, 0.141823, 0.167341, 0.196834, 0.226699, 0.261737, 0.0258528, 0.0305218, 0.0383754, 0.0479425, 0.0619106, 0.0777036, 0.0936914, 0.107814, 0.123572, 0.137726]
y = [0.0843462, 0.100921, 0.122984, 0.149291, 0.1872, 0.228567, 0.275085, 0.327911, 0.380433, 0.440629, 0.0370243, 0.0441553, 0.0549502, 0.0675333, 0.0863927, 0.108325, 0.130429, 0.148757, 0.168581, 0.186543]
yerr_stat = [0.00945128, 0.0103906, 0.0107364, 0.0105008, 0.0111278, 0.0133766, 0.017505, 0.0228558, 0.0283078, 0.0338881, 0.00474404, 0.00527521, 0.00634454, 0.00815466, 0.0113617, 0.0154767, 0.0199538, 0.0240559, 0.0283943, 0.0321013]
yerr_tot = [0.0168919, 0.0187291, 0.0197538, 0.0200122, 0.0218882, 0.0262323, 0.033721, 0.0435916, 0.0538241, 0.0643984, 0.0114396, 0.0130776, 0.0161024, 0.0204001, 0.02733, 0.0357275, 0.0445837, 0.0526011, 0.061276, 0.0688453]
yerr_sys = [0.0140004, 0.0155825, 0.0165813, 0.0170358, 0.0188485, 0.0225654, 0.0288215, 0.0371193, 0.0457789, 0.0547608, 0.0104096, 0.0119664, 0.0147998, 0.0186994, 0.0248564, 0.0322013, 0.0398693, 0.0467782, 0.0543002, 0.0609031]
chi2 = '26.6853'
chi2_ch1 = '21.6366'
chi2_ch2 = '10.8297'
