GENIE_y = [0.120148, 0.137478, 0.167669, 0.187143, 0.203143, 0.232861, 0.277714, 0.291038, 0.343674, 0.387389, 0.43101, 0.480691, 0.531206, 0.584309, 0.62776, 0.809444, 0.872548, 1.02163]
y = [0.0680536, 0.16802, 0.0389089, 0.250078, 0.10554, -0.00229106, 0.447528, -0.341799, 0.694691, -0.452444, 1.57246, -0.282959, 0.43359, 0.231951, 0.19041, 2.20094, 6.08547, -5.94632]
yerr_stat = [0.0631526, 0.103987, 0.149426, 0.179969, 0.201885, 0.235645, 0.388262, 0.282647, 0.571289, 1.26723, 1.48653, 1.41608, 2.62158, 2.61267, 2.94292, 3.08973, 5.02852, 4.67602]
yerr_tot = [0.0706876, 0.115055, 0.164448, 0.195636, 0.222636, 0.257521, 0.427144, 0.312279, 0.640716, 1.41586, 1.67277, 1.59241, 2.93026, 2.98266, 3.31074, 3.44314, 5.59799, 5.21963]
yerr_sys = [0.0317568, 0.0492389, 0.0686661, 0.0767121, 0.0938575, 0.103866, 0.178059, 0.132774, 0.290078, 0.631498, 0.767063, 0.728338, 1.30909, 1.43883, 1.51664, 1.51948, 2.45998, 2.31935]
