frac_err_stat = [0.927983, 0.618893, 3.84042, 0.719651, 1.91287, -102.854, 0.86757, -0.826939, 0.822365, -2.80085, 0.945354, -5.00454, 6.04622, 11.2639, 15.4558, 1.40382, 0.826316, -0.786373]
frac_err_mcstat = [0.271267, 0.181618, 1.08503, 0.208625, 0.567712, -30.1965, 0.236957, -0.267681, 0.232865, -0.792517, 0.271719, -1.38312, 1.68773, 3.28342, 4.21634, 0.377483, 0.236328, -0.219234]
frac_err_dirt = [0.0162535, 0.00592217, 0.0448718, 0.0121069, 0.0630653, -1.18506, 0.0113333, -0.0102614, 0.0171367, -0.0582732, 0.0168421, -0.0877549, 0.124492, 0.224333, 0.265099, 0.0233396, 0.018017, -0.0168549]
frac_err_flux = [0.0660376, 0.0288744, 0.177236, 0.0136386, 0.0903062, -2.3277, 0.0420342, -0.0145466, 0.0394964, -0.0623879, 0.0240517, -0.29138, 0.348724, 0.332691, 0.594735, 0.0630693, 0.0185564, -0.0241801]
frac_err_det = [0.304546, 0.202356, 1.21658, 0.214508, 0.609211, -32.3903, 0.278513, -0.26827, 0.31856, -1.1316, 0.393399, -2.05392, 2.38365, 5.15574, 6.5855, 0.543681, 0.314447, -0.312202]
frac_err_xs = [0.216325, 0.105255, 0.650935, 0.0650145, 0.29205, -9.3547, 0.150627, -0.0834285, 0.129614, -0.179506, 0.0922073, -0.633472, 0.669475, 0.977601, 1.36869, 0.184424, 0.0895053, -0.0757302]
