frac_err_stat = [0.308736, 0.239452, 0.191517, 0.167385, 0.148209, 0.146379, 0.17697, 0.21565, 0.262706, 0.391863, 1.11257]
frac_err_mcstat = [0.0844494, 0.0654764, 0.0525268, 0.0460678, 0.0400765, 0.0383089, 0.0486553, 0.0641067, 0.0804546, 0.125887, 0.36301]
frac_err_dirt = [0.00927612, 0.00860594, 0.00757184, 0.00601692, 0.00429503, 0.00301332, 0.00283547, 0.0031214, 0.00332967, 0.00462734, 0.0142419]
frac_err_flux = [0.0483611, 0.038885, 0.0318769, 0.029926, 0.0302576, 0.0323351, 0.0422492, 0.0535316, 0.0575221, 0.0761475, 0.204785]
frac_err_det = [0.0910714, 0.0705729, 0.0569911, 0.0499797, 0.0432479, 0.041223, 0.0549138, 0.0787814, 0.0973683, 0.155987, 0.5081]
frac_err_xs = [0.145419, 0.127631, 0.113575, 0.107113, 0.101811, 0.0988634, 0.11365, 0.123095, 0.115246, 0.14191, 0.369465]
frac_err_rw = [0.0839144, 0.0714503, 0.0583106, 0.0481575, 0.0402105, 0.0363, 0.0413774, 0.0443043, 0.0394675, 0.0471034, 0.122262]
frac_err_rw_cor = [0.139491, 0.118405, 0.0933045, 0.0714235, 0.0553649, 0.0478291, 0.0416959, 0.0161649, 0.0302397, 0.054125, 0.149144]
