GENIE_y = [0.521631, 1.07324, 1.15088, 0.981545, 0.802117, 0.637261, 0.423949, 0.244328, 0.144328, 0.0764136, 0.0272762]
y = [0.382107, 0.868784, 1.01488, 0.898253, 0.764468, 0.628393, 0.380283, 0.219201, 0.157038, 0.0848428, 0.0154885]
yerr_stat = [0.11797, 0.208032, 0.194368, 0.150354, 0.113301, 0.0919832, 0.0672985, 0.0472707, 0.0412546, 0.0332468, 0.017232]
yerr_tot = [0.153231, 0.279643, 0.266133, 0.205744, 0.155591, 0.124141, 0.0890715, 0.0608547, 0.0506531, 0.0402304, 0.02103]
yerr_sys = [0.0977899, 0.186876, 0.181791, 0.140443, 0.106637, 0.0833677, 0.0583494, 0.0383245, 0.0293904, 0.0226526, 0.0120549]
chi2 = '9.11133'
