GENIE_y = [0.811124]
y = [0.84935]
yerr_stat = [0.0424565]
yerr_tot = [0.145621]
yerr_sys = [0.139295]
chi2 = '2.34158'
