x = [0.5, 1.5, 2.5, 3.5, 4.5, 5.5, 6.5, 7.5, 8.5, 9.5, 10.5, 11.5, 12.5, 13.5, 14.5, 15.5]
GENIE_y = [0.295342, 0.551821, 0.537323, 0.453323, 0.354977, 0.241559, 0.147697, 0.0611853, 0.280021, 0.509244, 0.46488, 0.365903, 0.298663, 0.224306, 0.134038, 0.0372421]
y = [0.481253, 0.839238, 0.734162, 0.554865, 0.394048, 0.24077, 0.1299, 0.0494022, 0.309878, 0.51885, 0.440188, 0.338628, 0.266455, 0.151445, 0.0461586, 0.00497081]
yerr_stat = [0.0390829, 0.0604904, 0.0475122, 0.035289, 0.0293707, 0.0238323, 0.0179602, 0.0100898, 0.0422579, 0.060595, 0.0466316, 0.0416707, 0.0415532, 0.0248813, 0.0201677, 0.00783004]
yerr_tot = [0.0694617, 0.109214, 0.0882566, 0.0671064, 0.0548972, 0.0431798, 0.0327036, 0.0180629, 0.0892819, 0.134349, 0.107899, 0.0853566, 0.0750153, 0.0492851, 0.0374074, 0.0150517]
yerr_sys = [0.0574235, 0.0909325, 0.0743762, 0.0570785, 0.0463795, 0.0360072, 0.0273306, 0.0149821, 0.0786481, 0.119908, 0.0973023, 0.0744936, 0.062455, 0.0425433, 0.0315052, 0.0128547]
chi2 = '23.0584'
chi2_ch1 = '8.86078'
chi2_ch2 = '12.7183'
