GENIE_y = [1.84473]
y = [1.63398]
yerr_stat = [0.229175]
yerr_tot = [0.413052]
yerr_sys = [0.343644]
chi2 = '0.26034'
