 Stat. Cov. (reco space) 
[[236.112, 0, 0, 0, 0, 0, 0, 0],
[0, 0, 0, 0, 0, 0, 0, 0],
[0, 0, 185.019, 0, 0, 0, 0, 0],
[0, 0, 0, 0.0309781, 0, 0, 0, 0],
[0, 0, 0, 0, 72.1442, 0, 0, 0],
[0, 0, 0, 0, 0, 0, 0, 0],
[0, 0, 0, 0, 0, 0, 54.771, 0],
[0, 0, 0, 0, 0, 0, 0, 0.0496231]]

 MC Stat. Cov. (reco space) 
[[16.1023, 0, 0, 0, 0, 0, 0, 0],
[0, 0.0290603, 0, 0, 0, 0, 0, 0],
[0, 0, 12.962, 0, 0, 0, 0, 0],
[0, 0, 0, 0.0249033, 0, 0, 0, 0],
[0, 0, 0, 0, 5.75807, 0, 0, 0],
[0, 0, 0, 0, 0, 0.0290603, 0, 0],
[0, 0, 0, 0, 0, 0, 4.2109, 0],
[0, 0, 0, 0, 0, 0, 0, 0.0266479]]

 Dirt Cov. (reco space) 
[[1.73015, 0, 0, 0, 0, 0, 0, 0],
[0, 0, 0, 0, 0, 0, 0, 0],
[0, 0, 0.261653, 0, 0, 0, 0, 0],
[0, 0, 0, 0, 0, 0, 0, 0],
[0, 0, 0, 0, 0.362773, 0, 0, 0],
[0, 0, 0, 0, 0, 0, 0, 0],
[0, 0, 0, 0, 0, 0, 0.0259988, 0],
[0, 0, 0, 0, 0, 0, 0, 0]]

 Flux Cov. (reco space) 
[[253.769, 0, 226.372, 0.100744, 81.7825, 0, 61.4187, 0.00125405],
[0, 0, 0, 0, 0, 0, 0, 0],
[226.372, 0, 224.942, 0.0861341, 73.8027, 0, 60.5466, 0.00952453],
[0.100744, 0, 0.0861341, 0.000228999, 0.0323873, 0, 0.0193057, -0.000113957],
[81.7825, 0, 73.8027, 0.0323873, 27.1095, 0, 20.4823, 0.00370406],
[0, 0, 0, 0, 0, 0, 0, 0],
[61.4187, 0, 60.5466, 0.0193057, 20.4823, 0, 16.9068, 0.0101427],
[0.00125405, 0, 0.00952453, -0.000113957, 0.00370406, 0, 0.0101427, 0.000307914]]

 Det. Cov. (reco space) 
[[617.846, 0, -398.434, 1.05504, 174.632, 0, -145.053, 2.55304],
[0, 0, 0, 0, 0, 0, 0, 0],
[-398.434, 0, 379.527, -1.17449, -127.316, 0, 105.825, -2.2702],
[1.05504, 0, -1.17449, 0.0851025, 0.494279, 0, -0.614468, 0.013126],
[174.632, 0, -127.316, 0.494279, 90.0362, 0, -55.4365, 1.13323],
[0, 0, 0, 0, 0, 0, 0, 0],
[-145.053, 0, 105.825, -0.614468, -55.4365, 0, 77.5155, -0.910537],
[2.55304, 0, -2.2702, 0.013126, 1.13323, 0, -0.910537, 0.0987307]]

 XSec. Cov. (reco space) 
[[328.433, 0, 256.457, 0.497484, 136.238, 0, 100.085, -0.000773835],
[0, 0, 0, 0, 0, 0, 0, 0],
[256.457, 0, 348.784, 0.573483, 132.196, 0, 113.182, 0.00850162],
[0.497484, 0, 0.573483, 0.00385986, 0.283721, 0, 0.257914, -5.46286e-05],
[136.238, 0, 132.196, 0.283721, 66.3148, 0, 51.3057, -0.00468097],
[0, 0, 0, 0, 0, 0, 0, 0],
[100.085, 0, 113.182, 0.257914, 51.3057, 0, 44.0179, 0.00582167],
[-0.000773835, 0, 0.00850162, -5.46286e-05, -0.00468097, 0, 0.00582167, 0.000104108]]

 RW Cov. (reco space) 
[[69.1245, 0, -8.03357, 0.00654738, 11.572, 0, 0.644151, 0.00789479],
[0, 0, 0, 0, 0, 0, 0, 0],
[-8.03357, 0, 72.0519, 0.00574115, 3.40423, 0, 13.1583, 0.00692264],
[0.00654738, 0, 0.00574115, 1.85787e-06, 0.00187661, 0, 0.00149559, 2.24021e-06],
[11.572, 0, 3.40423, 0.00187661, 2.83888, 0, 1.34531, 0.0022628],
[0, 0, 0, 0, 0, 0, 0, 0],
[0.644151, 0, 13.1583, 0.00149559, 1.34531, 0, 2.86514, 0.00180337],
[0.00789479, 0, 0.00692264, 2.24021e-06, 0.0022628, 0, 0.00180337, 2.70123e-06]]

 RW corr Cov. (reco space) 
[[43.5327, 0, -67.1799, 0.00654738, 5.50876, 0, -10.0013, 0.00789479],
[0, 0, 0, 0, 0, 0, 0, 0],
[-67.1799, 0, 444.473, 0.00574115, 12.5396, 0, 78.7992, 0.00692264],
[0.00654738, 0, 0.00574115, 1.85787e-06, 0.00187661, 0, 0.00149559, 2.24021e-06],
[5.50876, 0, 12.5396, 0.00187661, 2.03186, 0, 2.674, 0.0022628],
[0, 0, 0, 0, 0, 0, 0, 0],
[-10.0013, 0, 78.7992, 0.00149559, 2.674, 0, 14.1004, 0.00180337],
[0.00789479, 0, 0.00692264, 2.24021e-06, 0.0022628, 0, 0.00180337, 2.70123e-06]]

 Tot. Cov. (reco space) 
[[1566.65, 0, 9.1814, 1.66636, 409.733, 0, 7.09351, 2.56931],
[0, 0.0290603, 0, 0, 0, 0, 0, 0],
[9.1814, 0, 1668.02, -0.503387, 94.6269, 0, 371.512, -2.23833],
[1.66636, 0, -0.503387, 0.145076, 0.81414, 0, -0.334257, 0.0129618],
[409.733, 0, 94.6269, 0.81414, 266.596, 0, 20.3708, 1.13678],
[0, 0, 0, 0, 0, 0.0290603, 0, 0],
[7.09351, 0, 371.512, -0.334257, 20.3708, 0, 214.414, -0.890966],
[2.56931, 0, -2.23833, 0.0129618, 1.13678, 0, -0.890966, 0.175419]]

-------------------------------------------------------------------------------

 Stat. Cov. (unfolded space) 
[[5.25211e-06]]

 MC Stat. Cov. (unfolded space) 
[[3.79505e-07]]

 Dirt Cov. (unfolded space) 
[[2.67073e-08]]

 Flux Cov. (unfolded space) 
[[3.77369e-06]]

 Det. Cov. (unfolded space) 
[[2.33487e-06]]

 XSec. Cov. (unfolded space) 
[[3.39821e-06]]

 RW Cov. (unfolded space) 
[[6.53273e-07]]

 RW corr Cov. (unfolded space) 
[[1.24285e-06]]

 Tot. Cov. (unfolded space) 
[[1.70612e-05]]

