GENIE_y = [0.0481813, 0.0590313, 0.0755576, 0.0972112, 0.128805, 0.166029, 0.209842, 0.257222, 0.306947, 0.366481, 0.0420312, 0.0504342, 0.0650543, 0.0835287, 0.112329, 0.145331, 0.182199, 0.216156, 0.251105, 0.285279]
y = [0.0726979, 0.0881099, 0.110412, 0.138364, 0.178913, 0.22615, 0.281465, 0.340928, 0.403556, 0.479823, 0.0441765, 0.0503419, 0.0586437, 0.0671751, 0.0817946, 0.0979927, 0.115778, 0.130843, 0.146847, 0.163894]
yerr_stat = [0.00904818, 0.0100096, 0.0104937, 0.0103736, 0.0110764, 0.0136973, 0.0185993, 0.0247372, 0.0313168, 0.0385293, 0.00762785, 0.00789976, 0.00814908, 0.00865572, 0.0107736, 0.0141884, 0.0186556, 0.0231689, 0.0278821, 0.0322862]
yerr_tot = [0.0161522, 0.0180699, 0.0194804, 0.0202542, 0.0226984, 0.0280052, 0.0370773, 0.0485888, 0.0611581, 0.0751138, 0.017662, 0.0188223, 0.0203701, 0.0223142, 0.0272438, 0.0339628, 0.0423134, 0.0505115, 0.0592499, 0.067763]
yerr_sys = [0.0133799, 0.0150442, 0.0164125, 0.0173961, 0.0198123, 0.0244269, 0.0320748, 0.0418203, 0.0525316, 0.0644792, 0.01593, 0.0170843, 0.018669, 0.020567, 0.0250231, 0.0308572, 0.0379788, 0.0448844, 0.0522795, 0.059577]
chi2 = '22.8404'
chi2_ch1 = '12.5986'
chi2_ch2 = '10.0078'
