frac_err_stat = [0.124463, 0.113604, 0.0950409, 0.074973, 0.0619097, 0.0605674, 0.0660803, 0.0725584, 0.0776021, 0.0802991, 0.172668, 0.156922, 0.138959, 0.128853, 0.131715, 0.14479, 0.161132, 0.177074, 0.189871, 0.196995]
frac_err_mcstat = [0.061501, 0.0562621, 0.0472653, 0.037379, 0.0305347, 0.0291665, 0.0313305, 0.0342175, 0.0365438, 0.0378025, 0.082278, 0.075172, 0.0674208, 0.063476, 0.0653521, 0.0716317, 0.0792369, 0.0866556, 0.0926287, 0.0959602]
frac_err_dirt = [0.0080121, 0.0073011, 0.0061173, 0.00490007, 0.00420831, 0.00428962, 0.00476104, 0.00525714, 0.00563366, 0.00583331, 0.00532371, 0.0052034, 0.00507481, 0.00490271, 0.00491281, 0.00521684, 0.00564613, 0.00609201, 0.00647073, 0.00668833]
frac_err_flux = [0.0158383, 0.0154256, 0.0149554, 0.014832, 0.015254, 0.0161993, 0.017477, 0.0187858, 0.0198259, 0.0204159, 0.0327846, 0.0296416, 0.0270297, 0.0272524, 0.0302585, 0.0349522, 0.0403697, 0.0458151, 0.0501512, 0.0525587]
frac_err_det = [0.132703, 0.121847, 0.103488, 0.0838399, 0.0706038, 0.067972, 0.0722568, 0.078178, 0.0830394, 0.0856767, 0.178503, 0.165656, 0.154417, 0.152015, 0.159119, 0.1719, 0.185831, 0.199294, 0.210206, 0.216335]
frac_err_xs = [0.0972326, 0.0910731, 0.0811364, 0.0712574, 0.0649193, 0.0641063, 0.0681355, 0.0743136, 0.0798565, 0.0830398, 0.133149, 0.128207, 0.127316, 0.13538, 0.152684, 0.172752, 0.190346, 0.204821, 0.215299, 0.220855]
frac_err_rw = [0.0392695, 0.0382904, 0.0369825, 0.0361559, 0.0362402, 0.0371396, 0.038425, 0.0396718, 0.0406122, 0.0411199, 0.0886977, 0.0844212, 0.0800923, 0.0774125, 0.0774591, 0.0802012, 0.0846554, 0.0897966, 0.0940758, 0.0964606]
frac_err_rw_cor = [0.0342078, 0.0330046, 0.030666, 0.0274224, 0.0238171, 0.0206381, 0.0183438, 0.0169551, 0.0162016, 0.0158601, 0.25436, 0.240013, 0.222651, 0.203753, 0.183708, 0.164171, 0.147421, 0.135271, 0.127347, 0.123457]
