GENIE_y = [0.000589937, 0.00300527, 0.0212283, 0.0435326, 0.0500737, 0.0425225, 0.0258684, 0.00625715]
y = [0.00330719, 0.0102693, 0.0394485, 0.0556542, 0.0544075, 0.0420653, 0.0254803, 0.00899397]
yerr_stat = [0.000271501, 0.000695722, 0.0018266, 0.00160122, 0.0021158, 0.00186071, 0.000917998, 0.000456214]
yerr_tot = [0.00066353, 0.00171591, 0.00490648, 0.00580057, 0.00719626, 0.00630512, 0.00373059, 0.00154179]
yerr_sys = [0.000605441, 0.00156854, 0.0045538, 0.00557519, 0.00687819, 0.00602431, 0.00361588, 0.00147275]
chi2 = '23.709'
