frac_err_stat = [0.0820943, 0.0677475, 0.0463034, 0.0287709, 0.038888, 0.0442337, 0.0360277, 0.0507245]
frac_err_mcstat = [0.0431083, 0.0356401, 0.0244347, 0.0154426, 0.0210144, 0.0238963, 0.0196656, 0.0276867]
frac_err_dirt = [0.00066656, 0.000518944, 0.000287814, 0.000173641, 0.000275042, 0.000328711, 0.000331535, 0.000529225]
frac_err_flux = [0.0406219, 0.0359699, 0.0428829, 0.0637418, 0.0794012, 0.0943468, 0.107872, 0.105408]
frac_err_det = [0.163652, 0.134261, 0.0924329, 0.061777, 0.0846276, 0.091957, 0.0728923, 0.108129]
frac_err_xs = [0.0544427, 0.049396, 0.0431861, 0.0330275, 0.0297908, 0.0350987, 0.0396464, 0.0466905]
frac_err_rw = [0.0122468, 0.0126407, 0.0156015, 0.0199716, 0.0228011, 0.0247317, 0.0251062, 0.0196452]
frac_err_rw_cor = [0.01045, 0.0118047, 0.015404, 0.0206771, 0.0258173, 0.0271637, 0.0244839, 0.0260393]
