frac_err_stat = [0.0338403]
frac_err_mcstat = [0.0166138]
frac_err_dirt = [0.00897984]
frac_err_flux = [0.186375]
frac_err_det = [0.0805339]
frac_err_geant4 = [0.0285855]
frac_err_genie = [0.244667]
frac_err_rw = [0.0657781]
frac_err_rw_cor = [0.10047]
