x = [0.5]
GENIE_y = [0.379013]
y = [0.33342]
yerr_stat = [0.011283]
yerr_tot = [0.114448]
yerr_sys = [0.11389]
chi2 = '0.158698'
