frac_err_stat = [0.398045, 0.324932, 0.236656, 0.209527, 0.265879, 0.337906, 0.392542, 0.423418, 0.268627, 0.240206, 0.193635, 0.151316, 0.13785, 0.15128, 0.170268, 0.182354]
frac_err_mcstat = [0.10971, 0.0895749, 0.066163, 0.0598142, 0.0746354, 0.0934284, 0.108044, 0.116463, 0.0719475, 0.0644517, 0.0520668, 0.0405372, 0.0364277, 0.0397665, 0.0449101, 0.0482277]
frac_err_dirt = [0.00582979, 0.00474292, 0.0036251, 0.00299327, 0.00346863, 0.00464879, 0.00574206, 0.00639056, 0.00503591, 0.00461377, 0.0039285, 0.00333211, 0.00309916, 0.00318398, 0.00334564, 0.00346419]
frac_err_flux = [0.0332308, 0.0338126, 0.0369228, 0.0438402, 0.0522803, 0.059931, 0.0657531, 0.069171, 0.0204792, 0.0218454, 0.0243311, 0.0270969, 0.0296537, 0.031739, 0.0334262, 0.034435]
frac_err_det = [0.119399, 0.0991344, 0.0768567, 0.0717822, 0.0863576, 0.104521, 0.118231, 0.125939, 0.0878639, 0.0794079, 0.0663869, 0.0553119, 0.0525166, 0.0561605, 0.0613363, 0.0647599]
frac_err_xs = [0.146929, 0.138913, 0.136398, 0.148993, 0.167159, 0.18049, 0.188615, 0.193402, 0.0877071, 0.0872849, 0.0863816, 0.08499, 0.0846961, 0.0868986, 0.0912583, 0.0947426]
frac_err_rw = [0.0815077, 0.0754857, 0.0671585, 0.060887, 0.0584569, 0.059594, 0.0620227, 0.0638827, 0.0342179, 0.0345277, 0.0350676, 0.0355356, 0.0359657, 0.0364348, 0.0370361, 0.0374945]
frac_err_rw_cor = [0.19432, 0.185412, 0.17136, 0.153017, 0.130382, 0.109353, 0.0951085, 0.0880963, 0.0140985, 0.0142391, 0.0142219, 0.013825, 0.0127977, 0.0116416, 0.0107843, 0.0104163]
