GENIE_y = [0.0396476, 0.0505445, 0.0684108, 0.101102, 0.136376, 0.192645, 0.252431, 0.327422, 0.0576638, 0.0686587, 0.0933231, 0.119813, 0.162696, 0.214625, 0.288912, 0.367506]
y = [0.0409475, 0.0478833, 0.0557306, 0.069519, 0.0827151, 0.108225, 0.13533, 0.170904, 0.0741205, 0.0860542, 0.112366, 0.13917, 0.184393, 0.2392, 0.317152, 0.399203]
yerr_stat = [0.016299, 0.0155588, 0.013189, 0.0145661, 0.0219922, 0.0365697, 0.0531226, 0.0723637, 0.0199108, 0.0206707, 0.0217581, 0.0210586, 0.0254187, 0.0361861, 0.0540009, 0.0727964]
yerr_tot = [0.0205499, 0.020538, 0.0193174, 0.0224066, 0.0303716, 0.0466162, 0.0652629, 0.0876085, 0.022793, 0.0239828, 0.0261391, 0.0267777, 0.0332968, 0.0464151, 0.0678104, 0.0905594]
yerr_sys = [0.0125157, 0.0134064, 0.0141142, 0.017026, 0.020947, 0.0289089, 0.0379109, 0.0493837, 0.0110942, 0.0121613, 0.0144859, 0.0165403, 0.0215074, 0.0290677, 0.041014, 0.0538674]
chi2 = '11.8567'
