frac_err_stat = [1.62415, 0.660702, 4.4995, 1.05471, 1.62899, 27.9201, 0.947258, -0.72711, 0.808275, -1.32231, 0.892466, -4.76857, 10.4355, 4.50977, -7.28954, 4.17552, 0.637958, -0.655399]
frac_err_mcstat = [0.477122, 0.192806, 1.25705, 0.29899, 0.47686, 7.98194, 0.253313, -0.229941, 0.223011, -0.361609, 0.243232, -1.26782, 2.80137, 1.23818, -1.90581, 1.09916, 0.172543, -0.176503]
frac_err_dirt = [0.0286532, 0.00566743, 0.0473006, 0.0189767, 0.0554011, 0.380453, 0.0128922, -0.0117787, 0.0178701, -0.0292795, 0.0169784, -0.101045, 0.248022, 0.0994784, -0.122399, 0.0798527, 0.0228414, -0.0218535]
frac_err_flux = [0.177901, 0.0501158, 0.301263, 0.036931, 0.0942007, 1.02115, 0.0459528, -0.0145056, 0.0215074, -0.0611581, 0.0281379, -0.0869568, 0.361576, 0.099196, -0.191223, 0.190754, 0.0289826, -0.0186677]
frac_err_det = [0.541729, 0.218844, 1.45163, 0.357343, 0.526396, 8.80354, 0.305979, -0.230058, 0.268428, -0.531443, 0.30895, -2.20148, 4.85567, 2.04436, -2.56256, 1.24034, 0.250099, -0.247488]
frac_err_xs = [0.474867, 0.13747, 0.865272, 0.148197, 0.252589, 3.33526, 0.146652, -0.0936404, 0.0608275, -0.160318, 0.0519081, -0.408096, 0.871011, 0.262806, -0.522306, 0.604059, 0.103696, -0.0471842]
