GENIE_y = [0.120148, 0.137478, 0.167669, 0.187143, 0.203143, 0.232861, 0.277714, 0.291038, 0.343674, 0.387389, 0.43101, 0.480691, 0.531206, 0.584309, 0.62776, 0.809444, 0.872548, 1.02163]
y = [0.0402945, 0.161368, 0.0344324, 0.187243, 0.133702, 0.00912504, 0.44801, -0.428872, 0.965544, -1.41507, 2.33153, -0.399738, 0.347073, 0.783509, -0.476854, 1.00791, 13.8065, -10.9285]
yerr_stat = [0.0654443, 0.106616, 0.154929, 0.197486, 0.217798, 0.254772, 0.424381, 0.311837, 0.780425, 1.87116, 2.08081, 1.90618, 3.62189, 3.53345, 3.47605, 4.20854, 8.80794, 7.16254]
yerr_tot = [0.0744843, 0.118914, 0.171384, 0.217813, 0.240434, 0.278734, 0.465343, 0.344063, 0.852515, 2.09506, 2.27833, 2.16662, 4.1253, 4.00582, 3.8047, 4.57342, 9.87355, 7.91849]
yerr_sys = [0.0355662, 0.0526636, 0.0732779, 0.0918778, 0.101845, 0.113064, 0.190904, 0.145385, 0.3431, 0.94237, 0.927898, 1.02991, 1.97485, 1.88715, 1.54689, 1.79007, 4.46176, 3.37648]
