GENIE_y = [0.13047, 0.14457, 0.168777, 0.186362, 0.202823, 0.230165, 0.269177, 0.287887, 0.334735, 0.376377, 0.418602, 0.46519, 0.512102, 0.559949, 0.599892, 0.727096, 0.773828, 0.86843]
y = [0.0853242, 0.094402, 0.10994, 0.121155, 0.131893, 0.150196, 0.176904, 0.190922, 0.22421, 0.254229, 0.284387, 0.316993, 0.349231, 0.381548, 0.408104, 0.493695, 0.524617, 0.58818]
yerr_stat = [0.0200556, 0.0216285, 0.0239735, 0.0246126, 0.0245348, 0.0253633, 0.0272567, 0.0275114, 0.0314088, 0.0360667, 0.0420593, 0.0495528, 0.0578354, 0.0666334, 0.0745382, 0.0933673, 0.101596, 0.115297]
yerr_tot = [0.0258319, 0.0280135, 0.0314015, 0.0327975, 0.0334561, 0.0355325, 0.0391961, 0.0402276, 0.0459391, 0.0519062, 0.0590107, 0.0676751, 0.0771146, 0.087142, 0.0960599, 0.119078, 0.12871, 0.145593]
yerr_sys = [0.0162807, 0.0178035, 0.0202811, 0.021677, 0.0227453, 0.024885, 0.0281674, 0.0293492, 0.0335244, 0.0373289, 0.0413918, 0.0460917, 0.0510071, 0.056158, 0.0605933, 0.0739056, 0.0790223, 0.0889035]
chi2 = '-0.000107872'
