frac_err_stat = [0.235052, 0.22911, 0.218059, 0.203149, 0.186021, 0.168868, 0.154076, 0.144097, 0.140087, 0.141867, 0.147895, 0.156321, 0.165608, 0.17464, 0.182645, 0.189119, 0.193657, 0.196023]
frac_err_mcstat = [0.0670139, 0.0653215, 0.0621866, 0.0579652, 0.0530866, 0.0481229, 0.0437016, 0.0405208, 0.0389358, 0.0389804, 0.0402778, 0.0423309, 0.0447089, 0.0470916, 0.0492473, 0.0510177, 0.0522715, 0.052929]
frac_err_dirt = [0.00389363, 0.00380112, 0.00363711, 0.00342622, 0.00318256, 0.00291753, 0.00266535, 0.00247169, 0.00237217, 0.00237155, 0.00244517, 0.00255994, 0.00268909, 0.00281666, 0.00293161, 0.00302726, 0.00309577, 0.00313214]
frac_err_flux = [0.0418033, 0.0419033, 0.042077, 0.0422771, 0.0424406, 0.0425123, 0.0424837, 0.0423978, 0.0423162, 0.0423044, 0.042397, 0.042593, 0.0428585, 0.0431621, 0.0434568, 0.0437137, 0.0438977, 0.0439991]
frac_err_det = [0.0700023, 0.0682933, 0.0650935, 0.0607917, 0.0559009, 0.0510641, 0.046903, 0.0439821, 0.0425097, 0.0424536, 0.0435043, 0.0452696, 0.0473813, 0.0495249, 0.0514654, 0.0530538, 0.0541735, 0.0547613]
frac_err_xs = [0.158917, 0.15769, 0.155378, 0.152176, 0.148275, 0.143916, 0.139394, 0.135096, 0.131292, 0.128228, 0.125959, 0.124419, 0.123467, 0.122972, 0.122775, 0.122769, 0.122822, 0.122883]
