frac_err_stat = [0.0813017, 0.07199, 0.0646645, 0.0636967, 0.0742401, 0.0991986, 0.138724, 0.205707, 0.135661, 0.115957, 0.104809, 0.121799, 0.153608, 0.161916, 0.429943, 1.60135]
frac_err_mcstat = [0.0394957, 0.0346363, 0.0308024, 0.0301111, 0.0348503, 0.0468026, 0.0668822, 0.101082, 0.0669946, 0.0565033, 0.051212, 0.0582513, 0.0727198, 0.0776461, 0.21561, 0.840004]
frac_err_dirt = [0.00745496, 0.0064084, 0.00507951, 0.00376828, 0.0036428, 0.00527644, 0.00895719, 0.0140864, 0.00576025, 0.00565897, 0.00474538, 0.00455958, 0.00470245, 0.00593407, 0.0143112, 0.0413848]
frac_err_flux = [0.0190597, 0.0172942, 0.0159092, 0.0155587, 0.0159618, 0.0204093, 0.0359745, 0.0569905, 0.029145, 0.0223227, 0.0210822, 0.017963, 0.0167693, 0.0225383, 0.0730159, 0.632874]
frac_err_det = [0.0837287, 0.0721642, 0.0643022, 0.0642527, 0.0758765, 0.10065, 0.145996, 0.222202, 0.148444, 0.129538, 0.118788, 0.123713, 0.145363, 0.161928, 0.464708, 1.79132]
frac_err_xs = [0.0602911, 0.058922, 0.0595945, 0.0627233, 0.068453, 0.0800345, 0.106964, 0.146434, 0.114019, 0.0998491, 0.105693, 0.116703, 0.125564, 0.161579, 0.344103, 1.44148]
frac_err_rw = [0.0385409, 0.0374142, 0.0359506, 0.0366896, 0.0429454, 0.0566591, 0.0761118, 0.0905047, 0.0911181, 0.0769371, 0.0609392, 0.057086, 0.0625318, 0.0873924, 0.191563, 0.665986]
frac_err_rw_cor = [0.016291, 0.0128524, 0.00908375, 0.00785899, 0.0105318, 0.0127663, 0.0119791, 0.016007, 0.121933, 0.12666, 0.125328, 0.106204, 0.0825098, 0.100108, 0.178365, 0.147168]
