GENIE_y = [0.295302, 0.551816, 0.537604, 0.453731, 0.355117, 0.241464, 0.147598, 0.0611852, 0.280361, 0.509073, 0.464766, 0.366222, 0.299008, 0.224165, 0.133739, 0.0372744]
y = [0.481017, 0.839266, 0.73459, 0.555355, 0.394292, 0.240748, 0.129605, 0.0490643, 0.311313, 0.522232, 0.443783, 0.342035, 0.269638, 0.15316, 0.0463622, 0.00487458]
yerr_stat = [0.0391075, 0.0604188, 0.0475019, 0.0353743, 0.0292723, 0.0238818, 0.0179793, 0.0100929, 0.0422332, 0.0605566, 0.0465124, 0.0416596, 0.0414186, 0.0247991, 0.0199331, 0.00780591]
yerr_tot = [0.0696812, 0.10932, 0.0883661, 0.067312, 0.0549079, 0.0433242, 0.0327324, 0.0180436, 0.0891362, 0.134043, 0.107591, 0.0851896, 0.0747253, 0.0491012, 0.0370824, 0.0149643]
yerr_sys = [0.0576721, 0.091107, 0.0745126, 0.0572675, 0.0464544, 0.0361475, 0.0273525, 0.0149568, 0.078496, 0.119584, 0.0970171, 0.0743085, 0.0621962, 0.0423784, 0.0312694, 0.0127671]
chi2 = '23.2731'
chi2_ch1 = '8.90852'
chi2_ch2 = '12.522'
