frac_err_stat = [0.161752, 0.0823908, 0.0848321, 0.075065, 0.129132, 0.206246, 0.122889, 0.0961614, 0.134916, 0.135409]
frac_err_mcstat = [0.0851961, 0.0425256, 0.0435816, 0.0381999, 0.0656645, 0.104733, 0.0632296, 0.0483495, 0.0671545, 0.0719863]
frac_err_dirt = [0, 0, 0, 0, 0, 0, 0, 0, 0, 0]
frac_err_flux = [0.107933, 0.0645401, 0.0587538, 0.0697972, 0.0954009, 0.114875, 0.092779, 0.0655217, 0.0635347, 0.133188]
frac_err_det = [0.211334, 0.115833, 0.106564, 0.0806415, 0.142364, 0.237453, 0.146424, 0.111012, 0.167136, 0.197861]
frac_err_geant4 = [0.0252042, 0.016612, 0.0165212, 0.0152362, 0.0127415, 0.0129419, 0.0162116, 0.0189724, 0.0189058, 0.0162528]
frac_err_genie = [0.0975457, 0.0499727, 0.0537014, 0.0523018, 0.0608082, 0.0761842, 0.0552243, 0.0493101, 0.0489, 0.0897936]
