x = [0.5, 1.5, 2.5, 3.5, 4.5, 5.5, 6.5, 7.5, 8.5, 9.5]
GENIE_y = [0.621361, 1.39562, 1.43747, 1.1573, 0.932986, 0.790966, 0.714862, 0.619102, 0.40956, 0.0923035]
y = [0.476615, 1.3692, 1.43764, 1.0322, 0.698237, 0.537867, 0.572691, 0.635956, 0.483164, 0.0961724]
yerr_stat = [0.0770935, 0.11281, 0.121958, 0.0774818, 0.0901646, 0.110933, 0.0703775, 0.0611544, 0.0651864, 0.0130226]
yerr_tot = [0.150632, 0.232976, 0.236494, 0.151125, 0.162579, 0.193227, 0.13117, 0.111959, 0.11579, 0.0286479]
yerr_sys = [0.129408, 0.203842, 0.202621, 0.129751, 0.135286, 0.158211, 0.110692, 0.093781, 0.0956973, 0.0255169]
chi2 = '10.4845'
