x = [0.5, 1.5, 2.5, 3.5, 4.5, 5.5, 6.5, 7.5]
GENIE_y = [0.631925, 1.35669, 1.28542, 0.963003, 0.766462, 0.623763, 0.401343, 0.0903297]
y = [0.631925, 1.35669, 1.28542, 0.963003, 0.766462, 0.623763, 0.401343, 0.0903297]
yerr_stat = [0.066167, 0.100206, 0.0760352, 0.063833, 0.0761187, 0.0376796, 0.0479928, 0.0112619]
yerr_tot = [0.138771, 0.212675, 0.177171, 0.138639, 0.140271, 0.0863804, 0.0858239, 0.0259103]
yerr_sys = [0.121981, 0.187588, 0.160026, 0.12307, 0.117822, 0.0777292, 0.0711507, 0.0233348]
chi2 = '4.26861e-13'
