frac_err_stat = [0.104707, 0.073861, 0.0591519, 0.0662853, 0.0993117, 0.0604069, 0.119581, 0.124675]
frac_err_mcstat = [0.05891, 0.040521, 0.0334702, 0.0361308, 0.0513821, 0.0332499, 0.0621526, 0.0716068]
frac_err_dirt = [0.00662835, 0.0055936, 0.00424834, 0.00362851, 0.00430426, 0.00321019, 0.00530841, 0.00718441]
frac_err_flux = [0.079802, 0.0624212, 0.0585493, 0.0637509, 0.0694596, 0.0652521, 0.0700927, 0.131869]
frac_err_det = [0.127773, 0.0843078, 0.0730668, 0.077505, 0.104213, 0.0709589, 0.123628, 0.161824]
frac_err_geant4 = [0.0207822, 0.0241664, 0.0226616, 0.0183322, 0.0169059, 0.0201556, 0.0236014, 0.0175029]
frac_err_genie = [0.0752511, 0.0522986, 0.0528925, 0.0489218, 0.0497942, 0.0512084, 0.063783, 0.1102]
frac_err_rw = [0.0630273, 0.0488476, 0.0402068, 0.0389619, 0.0423952, 0.0377448, 0.0450708, 0.0659468]
frac_err_rw_cor = [0.0313888, 0.0271224, 0.0257979, 0.026365, 0.0269057, 0.0258139, 0.0261577, 0.0343387]
