x = [0.5, 1.5, 2.5, 3.5, 4.5, 5.5, 6.5, 7.5, 8.5, 9.5, 10.5, 11.5, 12.5, 13.5, 14.5, 15.5]
GENIE_y = [0.259827, 0.475446, 0.44293, 0.362248, 0.299472, 0.230254, 0.15135, 0.0474973, 0.422163, 0.862796, 0.773163, 0.547584, 0.424636, 0.340049, 0.20888, 0.0412426]
y = [0.259827, 0.475446, 0.44293, 0.362248, 0.299472, 0.230254, 0.15135, 0.0474973, 0.422163, 0.862796, 0.773163, 0.547584, 0.424636, 0.340049, 0.20888, 0.0412426]
yerr_stat = [0.0418023, 0.0666738, 0.0509135, 0.0354671, 0.0284322, 0.0219673, 0.0185016, 0.00915389, 0.0491902, 0.0722488, 0.0550643, 0.0490234, 0.0532371, 0.028084, 0.0315408, 0.00882522]
yerr_tot = [0.0892123, 0.14288, 0.111482, 0.0788328, 0.0617658, 0.0480504, 0.040421, 0.0193684, 0.109309, 0.174296, 0.148901, 0.115374, 0.105577, 0.0734857, 0.0637752, 0.0191762]
yerr_sys = [0.0788125, 0.12637, 0.0991768, 0.0704038, 0.0548326, 0.042735, 0.0359381, 0.0170688, 0.0976156, 0.158617, 0.138345, 0.10444, 0.0911721, 0.0679076, 0.0554297, 0.0170248]
chi2 = '5.56467e-13'
chi2_ch1 = '2.0199e-13'
chi2_ch2 = '2.56489e-13'
chi2 = [chi2_ch1,chi2_ch2]
