frac_err_stat = [0.160885, 0.140234, 0.114947, 0.0979084, 0.0949411, 0.0954048, 0.122244, 0.192725, 0.116519, 0.0837381, 0.0712196, 0.0895267, 0.125371, 0.082588, 0.151, 0.213983]
frac_err_mcstat = [0.0931908, 0.0807504, 0.0661727, 0.055517, 0.0515114, 0.0504823, 0.0661501, 0.10732, 0.063776, 0.0444019, 0.0385759, 0.0467555, 0.0638856, 0.0444519, 0.0784064, 0.122613]
frac_err_dirt = [0.017338, 0.014488, 0.0109677, 0.00745303, 0.00540594, 0.00555998, 0.00870846, 0.0147938, 0.00510638, 0.00429423, 0.00326931, 0.00375663, 0.00474576, 0.00334827, 0.00466391, 0.00585347]
frac_err_flux = [0.0772905, 0.0729159, 0.0676728, 0.0637063, 0.0620447, 0.065083, 0.0794725, 0.111786, 0.0847167, 0.0666453, 0.0649559, 0.0736729, 0.080443, 0.0764662, 0.0838183, 0.161703]
frac_err_det = [0.207782, 0.17889, 0.148235, 0.127519, 0.118663, 0.112055, 0.145632, 0.242559, 0.14341, 0.09673, 0.0868384, 0.0968443, 0.125216, 0.0961944, 0.16009, 0.278081]
frac_err_geant4 = [0.0695384, 0.0646621, 0.0591826, 0.054216, 0.0496734, 0.0447419, 0.0418674, 0.0441828, 0.0300525, 0.023708, 0.0204487, 0.0195029, 0.0198465, 0.0196233, 0.0264309, 0.0476723]
frac_err_genie = [0.105646, 0.0944216, 0.080713, 0.0748408, 0.0802507, 0.0869052, 0.100823, 0.153892, 0.0819902, 0.0605951, 0.0624402, 0.0628309, 0.0659042, 0.0774945, 0.104225, 0.16055]
frac_err_rw = [0.0829297, 0.0759038, 0.0667457, 0.0599338, 0.0575466, 0.0587678, 0.0630573, 0.0700811, 0.068005, 0.0576668, 0.0549379, 0.0590165, 0.0615771, 0.0511204, 0.0520528, 0.0777054]
frac_err_rw_cor = [0.104885, 0.0879699, 0.0679073, 0.0467245, 0.026314, 0.0454739, 0.0922611, 0.124611, 0.0968453, 0.102224, 0.10688, 0.107517, 0.106377, 0.117424, 0.131625, 0.133301]
