frac_err_stat = [0.167181, 0.0940562, 0.0790658, 0.0976546, 0.158654, 0.0774329, 0.130524, 0.139923]
frac_err_mcstat = [0.0879282, 0.0485058, 0.0406736, 0.050441, 0.0812332, 0.0397167, 0.0653004, 0.0745029]
frac_err_dirt = [0, 0, 0, 0, 0, 0, 0, 0]
frac_err_flux = [0.0273693, 0.0129522, 0.013684, 0.0114673, 0.0101064, 0.00889656, 0.00934697, 0.0447899]
frac_err_det = [0.239841, 0.137046, 0.096325, 0.112327, 0.185008, 0.0866201, 0.132598, 0.21551]
frac_err_geant4 = [0.0191267, 0.00644074, 0.00576116, 0.00876174, 0.00627155, 0.00351114, 0.00433214, 0.00868678]
frac_err_genie = [0.130916, 0.0610491, 0.059907, 0.0780305, 0.0922444, 0.0656444, 0.0545924, 0.128025]
