x = [0.5, 1.5, 2.5, 3.5, 4.5, 5.5, 6.5, 7.5]
GENIE_y = [0.63276, 1.40747, 1.32753, 0.977084, 0.782095, 0.650295, 0.421704, 0.08898]
y = [0.455397, 1.26621, 1.19781, 0.78493, 0.593901, 0.608783, 0.477869, 0.0934847]
yerr_stat = [0.0761336, 0.119095, 0.094706, 0.076652, 0.0942245, 0.0471398, 0.0623734, 0.0130807]
yerr_tot = [0.104662, 0.154697, 0.128421, 0.105804, 0.119193, 0.0663615, 0.0744633, 0.0190488]
yerr_sys = [0.1316, 0.200487, 0.145435, 0.114982, 0.132104, 0.0706848, 0.0754564, 0.0248161]
chi2 = '8.36575'
