x = [0.5, 1.5]
GENIE_y = [0.635032, 0.61636]
y = [0.750278, 0.704056]
yerr_stat = [0.0232066, 0.0221605]
yerr_tot = [0.232649, 0.228035]
yerr_sys = [0.231489, 0.226956]
chi2 = '0.959543'
chi2_ch1 = '0.245386'
chi2_ch2 = '0.147897'
