frac_err_stat = [0.0309307, 0.0314754]
frac_err_mcstat = [0.0149671, 0.0150816]
frac_err_dirt = [0.00758957, 0.0068001]
frac_err_flux = [0.148455, 0.155468]
frac_err_det = [0.0767406, 0.0664354]
frac_err_geant4 = [0.0276689, 0.0259683]
frac_err_genie = [0.217708, 0.227833]
frac_err_rw = [0.0654963, 0.0699435]
frac_err_rw_cor = [0.120555, 0.132592]
