frac_err_stat = [0.474976, 0.315052, 0.239998, 0.192059, 0.176704, 0.184593, 0.202271, 0.228827, 0.281446, 0.31278, 0.338137, 0.344523, 0.338308, 0.298266, 0.25164, 0.276074]
frac_err_mcstat = [0.127444, 0.0842673, 0.064286, 0.052891, 0.047832, 0.0485317, 0.0537613, 0.0614999, 0.0769094, 0.0858581, 0.0935797, 0.0965735, 0.0952935, 0.0814471, 0.0685133, 0.0759164]
frac_err_dirt = [0.00924552, 0.005814, 0.00449581, 0.0044063, 0.00438142, 0.00393724, 0.00375337, 0.00372804, 0.00479463, 0.00451432, 0.00730578, 0.00686397, 0.0043783, 0.00393084, 0.00403199, 0.00496595]
frac_err_flux = [0.0241327, 0.0204244, 0.0249657, 0.0338376, 0.0375409, 0.0358337, 0.0391032, 0.0444899, 0.050789, 0.058002, 0.0507673, 0.0514661, 0.0675196, 0.0648379, 0.0578113, 0.0574892]
frac_err_det = [0.144775, 0.0959652, 0.0741068, 0.0637059, 0.0604662, 0.0581719, 0.0644498, 0.0685379, 0.0840888, 0.0972412, 0.0973926, 0.105201, 0.119783, 0.10085, 0.074517, 0.0764571]
frac_err_xs = [0.141166, 0.113787, 0.106278, 0.113315, 0.101917, 0.0939752, 0.108626, 0.123995, 0.142925, 0.181798, 0.175187, 0.199546, 0.258699, 0.204803, 0.150861, 0.139688]
