GENIE_y = [0.0538417, 0.0625717, 0.085114, 0.108055, 0.146435, 0.196182, 0.262905, 0.291451, 0.0721489, 0.0714526, 0.0813349, 0.101873, 0.129135, 0.190747, 0.273596, 0.376297]
y = [0.0527334, 0.0738711, 0.0985322, 0.107955, 0.148591, 0.220068, 0.289039, 0.292198, 0.0657593, 0.0536458, 0.0597792, 0.0679389, 0.0693158, 0.113299, 0.182379, 0.255652]
yerr_stat = [0.0250471, 0.0232733, 0.0236475, 0.0207337, 0.0262567, 0.040623, 0.058464, 0.0668628, 0.0185077, 0.0167794, 0.0202136, 0.0234065, 0.0234501, 0.0337933, 0.0458937, 0.0705791]
yerr_tot = [0.0280728, 0.0265286, 0.0277228, 0.0259423, 0.0328868, 0.0491815, 0.0715627, 0.081716, 0.0223221, 0.0208526, 0.0243486, 0.0289522, 0.0317179, 0.0441621, 0.0575828, 0.0850476]
yerr_sys = [0.0126777, 0.0127326, 0.0144688, 0.0155921, 0.0198021, 0.0277235, 0.0412697, 0.0469774, 0.0124798, 0.0123807, 0.0135744, 0.0170401, 0.0213569, 0.0284307, 0.0347785, 0.0474519]
chi2 = '13.0227'
