x = [0.5, 1.5, 2.5, 3.5, 4.5, 5.5, 6.5, 7.5, 8.5, 9.5, 10.5, 11.5, 12.5, 13.5, 14.5, 15.5]
GENIE_y = [0.286046, 0.52242, 0.483932, 0.400904, 0.344188, 0.267649, 0.177258, 0.0548149, 0.416047, 0.894389, 0.802437, 0.562117, 0.44097, 0.365727, 0.223845, 0.0396399]
y = [0.429371, 0.7223, 0.621977, 0.501408, 0.427871, 0.317609, 0.194869, 0.0627654, 0.245959, 0.693384, 0.588606, 0.318548, 0.227996, 0.276001, 0.219956, 0.0393412]
yerr_stat = [0.0535823, 0.0808861, 0.0607006, 0.0420775, 0.0356082, 0.0249565, 0.0210576, 0.00990496, 0.0521713, 0.0793183, 0.0606974, 0.0497339, 0.0572193, 0.029623, 0.0367049, 0.00919226]
yerr_tot = [0.0667168, 0.101767, 0.0766354, 0.0538833, 0.0459848, 0.0329019, 0.0263501, 0.0122299, 0.0662438, 0.0990409, 0.0820628, 0.0636943, 0.0690675, 0.040251, 0.0454702, 0.0119741]
yerr_sys = [0.0397501, 0.0617564, 0.0467806, 0.0336585, 0.0290974, 0.0214408, 0.0158399, 0.00717371, 0.0408215, 0.0593103, 0.055228, 0.0397933, 0.0386818, 0.027251, 0.0268383, 0.0076734]
chi2 = '4.61512e-05'
chi2_ch1 = '10.8887'
chi2_ch2 = '22.0776'
chi2 = [chi2_ch1,chi2_ch2]
