frac_err_stat = [0.124792, 0.111984, 0.0975929, 0.0839186, 0.0832218, 0.078576, 0.10806, 0.157809, 0.212114, 0.114393, 0.103121, 0.156127, 0.250967, 0.107329, 0.166874, 0.233655]
frac_err_mcstat = [0.0641054, 0.0577345, 0.0502819, 0.0427353, 0.041687, 0.0395872, 0.0538546, 0.0795058, 0.113339, 0.0578322, 0.0533493, 0.0812292, 0.12951, 0.0557665, 0.08613, 0.135404]
frac_err_dirt = [0, 0, 0, 0, 0, 0, 0, 0, 0, 0, 0, 0, 0, 0, 0, 0]
frac_err_flux = [0, 0, 0, 0, 0, 0, 0, 0, 0, 0, 0, 0, 0, 0, 0, 0]
frac_err_det = [0, 0, 0, 0, 0, 0, 0, 0, 0, 0, 0, 0, 0, 0, 0, 0]
frac_err_geant4 = [0, 0, 0, 0, 0, 0, 0, 0, 0, 0, 0, 0, 0, 0, 0, 0]
frac_err_genie = [0.0667914, 0.0630628, 0.0559347, 0.0517675, 0.0537296, 0.0546813, 0.0608845, 0.0821096, 0.121243, 0.0630245, 0.0771857, 0.0949055, 0.109598, 0.0814784, 0.0864273, 0.140389]
