GENIE_y = [0.899629, 1.16005]
y = [0.673475, 0.712154]
yerr_stat = [0.0960778, 0.115149]
yerr_tot = [0.169632, 0.211193]
yerr_sys = [0.139801, 0.177041]
