frac_err_stat = [0.163507, 0.0874288, 0.0719488, 0.0938506, 0.148806, 0.0669113, 0.11761, 0.127487]
frac_err_mcstat = [0.0870668, 0.0446747, 0.0370517, 0.0482939, 0.076279, 0.0346687, 0.0597329, 0.067706]
frac_err_dirt = [0, 0, 0, 0, 0, 0, 0, 0]
frac_err_flux = [0, 0, 0, 0, 0, 0, 0, 0]
frac_err_det = [0, 0, 0, 0, 0, 0, 0, 0]
frac_err_geant4 = [0, 0, 0, 0, 0, 0, 0, 0]
frac_err_genie = [0.0995213, 0.0503335, 0.0510346, 0.0561265, 0.065505, 0.04782, 0.053115, 0.0830254]
