x = [0.5, 1.5, 2.5, 3.5, 4.5, 5.5, 6.5, 7.5]
GENIE_y = [0.623535, 1.41695, 1.33949, 0.981895, 0.784305, 0.654972, 0.424218, 0.0895676]
y = [0.460423, 1.35592, 1.26162, 0.791657, 0.609495, 0.643878, 0.495302, 0.101334]
yerr_stat = [0.0752823, 0.118547, 0.0907724, 0.0742975, 0.0906966, 0.0430827, 0.0582527, 0.0129188]
yerr_tot = [0.0968198, 0.149601, 0.120708, 0.0946366, 0.109459, 0.0574669, 0.0704329, 0.0168746]
yerr_sys = [0.0608823, 0.0912535, 0.079566, 0.0586172, 0.0612819, 0.0380306, 0.0395907, 0.0108562]
chi2 = '8.34024'
