GENIE_y = [0.00347037, 0.00792163, 0.0102321, 0.0106843, 0.0111279, 0.0108416, 0.00776008, 0.00436005, 0.0024291, 0.00116155, 0.000481602, 0.0301003, 0.0899141, 0.10623, 0.0839501, 0.0635519, 0.0501432, 0.0298356, 0.0140251, 0.00646883, 0.00278231, 0.00114585]
y = [0.0105987, 0.0196284, 0.0206698, 0.0174205, 0.0139441, 0.0106513, 0.00696365, 0.00368725, 0.00160485, 0.000161545, -0.000268484, 0.0279575, 0.0868587, 0.0987709, 0.066475, 0.0390623, 0.0265236, 0.0184656, 0.0118256, 0.00717184, 0.00330163, 0.00122255]
yerr_stat = [0.00140701, 0.00205503, 0.00209879, 0.00212643, 0.00153323, 0.00111141, 0.000729324, 0.000570566, 0.000554874, 0.000345355, 0.000272271, 0.00292071, 0.00436633, 0.00539443, 0.00458891, 0.00384003, 0.00289349, 0.00240766, 0.0014535, 0.00119431, 0.000695336, 0.000611536]
yerr_tot = [0.0021476, 0.00322286, 0.00326392, 0.00319782, 0.00236888, 0.00174622, 0.00112508, 0.000849576, 0.00079781, 0.000491894, 0.000399423, 0.00407179, 0.00671657, 0.00856946, 0.00731726, 0.00574149, 0.00407248, 0.00333496, 0.00209879, 0.00171849, 0.00103184, 0.000904671]
yerr_sys = [0.0016225, 0.00248268, 0.00249965, 0.00238838, 0.00180577, 0.00134687, 0.00085668, 0.000629471, 0.000573249, 0.000350271, 0.000292245, 0.00283706, 0.00510368, 0.00665851, 0.0056995, 0.00426836, 0.0028658, 0.00230763, 0.00151402, 0.00123565, 0.000762368, 0.000666673]
chi2 = '90.8171'
chi2_ch1 = '31.057'
chi2_ch2 = '53.0338'
