frac_err_stat = [0.132754, 0.104696, 0.101539, 0.122065, 0.109956, 0.104346, 0.104733, 0.15474, 0.345749, 2.13782, -1.01411, 0.10447, 0.0502693, 0.0546156, 0.0690321, 0.0983052, 0.109091, 0.130386, 0.122911, 0.166528, 0.210604, 0.500214]
frac_err_mcstat = [0.0722912, 0.0565534, 0.0539323, 0.0644423, 0.0582365, 0.056984, 0.0566028, 0.0856309, 0.193683, 1.17067, -0.544703, 0.0548802, 0.0266582, 0.0290528, 0.0371268, 0.052486, 0.0584643, 0.0710683, 0.0662183, 0.0900343, 0.116336, 0.27843]
frac_err_dirt = [0.00145164, 0.000895051, 0.000728952, 0.0011784, 0.00110878, 0.000638038, 0.000807424, 0.000748102, 0.00182227, 0.011894, -0.00627328, 0.000559412, 0.000358633, 0.000418124, 0.000243723, 0.000467806, 0.000426495, 0.000511581, 0.000411265, 0.000625543, 0.000580195, 0.00107364]
frac_err_flux = [0.0307905, 0.0281686, 0.0266061, 0.0263032, 0.024037, 0.02213, 0.0248191, 0.0354423, 0.0561149, 0.247895, -0.106578, 0.01713, 0.0126862, 0.0122863, 0.0136993, 0.0150563, 0.0167427, 0.0287443, 0.0369157, 0.0391781, 0.0506526, 0.0793234]
frac_err_det = [0.121919, 0.0993932, 0.092855, 0.101928, 0.0888071, 0.0827027, 0.0806644, 0.127252, 0.279599, 1.69992, -0.907244, 0.052039, 0.0248736, 0.0300636, 0.0386367, 0.0510286, 0.0504504, 0.0723783, 0.0750065, 0.116282, 0.162926, 0.434559]
frac_err_xs = [0.0477132, 0.0450292, 0.0479573, 0.0589941, 0.069554, 0.0731169, 0.0687125, 0.064285, 0.0881291, 0.586286, -0.225238, 0.065029, 0.0439124, 0.0511399, 0.065253, 0.0794826, 0.0734112, 0.0663459, 0.0695062, 0.07904, 0.101235, 0.154267]
frac_err_rw = [0.0075448, 0.00693988, 0.00652976, 0.00642531, 0.0060976, 0.00564623, 0.00688802, 0.0100948, 0.0175421, 0.0923367, -0.0266655, 0.00525201, 0.00418366, 0.00396016, 0.00415882, 0.00428167, 0.00451917, 0.00687311, 0.00853006, 0.0101969, 0.0141737, 0.0229968]
frac_err_rw_cor = [0.00782601, 0.00712639, 0.00655512, 0.00633035, 0.00618361, 0.00591234, 0.00618512, 0.0112614, 0.025996, 0.165215, -0.0469446, 0.00525987, 0.0040403, 0.00382338, 0.00412333, 0.00431757, 0.00455922, 0.00724715, 0.0106713, 0.0130493, 0.0149515, 0.0195585]
