x = [0.5, 1.5, 2.5, 3.5, 4.5, 5.5, 6.5, 7.5, 8.5, 9.5, 10.5, 11.5, 12.5, 13.5, 14.5, 15.5]
GENIE_y = [0.259926, 0.481982, 0.456292, 0.381556, 0.323504, 0.248621, 0.168678, 0.0567597, 0.422855, 0.859095, 0.781733, 0.565139, 0.435446, 0.342966, 0.206575, 0.0398599]
y = [0.422633, 0.744145, 0.663622, 0.531156, 0.439415, 0.333453, 0.227189, 0.0791377, 0.238913, 0.675759, 0.583966, 0.299175, 0.175668, 0.231127, 0.200799, 0.0272618]
yerr_stat = [0.0446092, 0.0705372, 0.0536061, 0.0378618, 0.0310949, 0.0242153, 0.0201971, 0.00986917, 0.0506488, 0.0741088, 0.0567514, 0.0459734, 0.0528351, 0.0275205, 0.0324903, 0.00873734]
yerr_tot = [0.0787606, 0.126416, 0.0990361, 0.0721854, 0.0593338, 0.0452683, 0.036049, 0.0172362, 0.0923519, 0.13237, 0.10775, 0.0840777, 0.0864354, 0.052162, 0.0523972, 0.0165721]
yerr_sys = [0.0649096, 0.104907, 0.0832739, 0.0614591, 0.0505332, 0.0382471, 0.0298598, 0.014131, 0.0772242, 0.109681, 0.0915938, 0.0703953, 0.0684071, 0.0443114, 0.0411077, 0.0140817]
chi2 = '23.6954'
chi2_ch1 = '8.41587'
chi2_ch2 = '10.7105'
