frac_err_stat = [0.105551, 0.0947896, 0.080778, 0.0712818, 0.0707642, 0.0726197, 0.0889002, 0.124709, 0.211996, 0.109668, 0.0971826, 0.153667, 0.300766, 0.119071, 0.161805, 0.320498]
frac_err_mcstat = [0.0531343, 0.0476429, 0.0405508, 0.035715, 0.0353576, 0.0360499, 0.0438057, 0.0613452, 0.11126, 0.0568865, 0.0503975, 0.0792534, 0.153301, 0.0609613, 0.0814969, 0.177479]
frac_err_dirt = [0, 0, 0, 0, 0, 0, 0, 0, 0, 0, 0, 0, 0, 0, 0, 0]
frac_err_flux = [0.0497984, 0.049779, 0.0494784, 0.0488385, 0.048252, 0.0498286, 0.0570027, 0.0711048, 0.141582, 0.0778493, 0.0782357, 0.12567, 0.183241, 0.102933, 0.0777798, 0.229243]
frac_err_det = [0.112399, 0.100538, 0.0867153, 0.0777386, 0.0756201, 0.072526, 0.08665, 0.126852, 0.229914, 0.110409, 0.101927, 0.150547, 0.271769, 0.116167, 0.14525, 0.36653]
frac_err_geant4 = [0.0416007, 0.0403638, 0.0382823, 0.0354313, 0.0320349, 0.0275824, 0.0231564, 0.0203893, 0.0522043, 0.0294992, 0.0261361, 0.0340259, 0.0446369, 0.0252068, 0.022816, 0.0592203]
frac_err_genie = [0.0626151, 0.0582204, 0.0516591, 0.0492845, 0.0538722, 0.0579036, 0.0637305, 0.080983, 0.128328, 0.0631394, 0.0697729, 0.0973089, 0.136791, 0.0911842, 0.0871834, 0.21191]
