frac_err_stat = [0.086029, 0.075346, 0.0616569, 0.0504069, 0.0482529, 0.0523019, 0.05589, 0.0591773, 0.0628729, 0.0655656]
frac_err_mcstat = [0.0450848, 0.0395603, 0.0327866, 0.0271479, 0.0258909, 0.0276738, 0.0292558, 0.0308346, 0.0327174, 0.0341089]
frac_err_dirt = [0, 0, 0, 0, 0, 0, 0, 0, 0, 0]
frac_err_flux = [0, 0, 0, 0, 0, 0, 0, 0, 0, 0]
frac_err_det = [0, 0, 0, 0, 0, 0, 0, 0, 0, 0]
frac_err_geant4 = [0, 0, 0, 0, 0, 0, 0, 0, 0, 0]
frac_err_genie = [0.0611749, 0.0556329, 0.0488514, 0.0441123, 0.0429003, 0.0438264, 0.0458352, 0.0490815, 0.0524979, 0.0546599]
