x = [0.5, 1.5, 2.5, 3.5, 4.5, 5.5, 6.5, 7.5, 8.5, 9.5]
GENIE_y = [0.0694043, 0.0829111, 0.106087, 0.136286, 0.178657, 0.22908, 0.282151, 0.335087, 0.390664, 0.446905]
y = [0.069306, 0.080654, 0.101437, 0.131258, 0.174383, 0.225909, 0.278657, 0.326972, 0.375631, 0.425864]
yerr_stat = [0.00596233, 0.00607696, 0.00625429, 0.0066163, 0.00841448, 0.0118155, 0.0155742, 0.0193493, 0.023617, 0.027922]
yerr_tot = [0.00795541, 0.0082002, 0.00864478, 0.00948674, 0.0121307, 0.0166347, 0.0217289, 0.0270849, 0.0331311, 0.039147]
yerr_sys = [0.0052668, 0.0055058, 0.00596793, 0.00679874, 0.00873793, 0.0117094, 0.0151523, 0.0189524, 0.0232359, 0.0274381]
chi2 = '7.13793'
