x = [0.5, 1.5, 2.5, 3.5, 4.5, 5.5, 6.5, 7.5, 8.5, 9.5]
GENIE_y = [0.0876718, 0.111359, 0.145292, 0.182846, 0.247868, 0.321948, 0.413203, 0.511729, 0.636942, 0.823103]
y = [0.0904505, 0.218295, 0.173549, 0.21685, 0.254185, 0.279706, 0.733144, 1.56185, -3.86259, 4.72511]
yerr_stat = [0.0223555, 0.0267603, 0.0305043, 0.0364252, 0.0511602, 0.0851337, 0.139244, 0.406036, 1.44489, 1.35457]
yerr_tot = [0.035489, 0.038787, 0.0467891, 0.0577367, 0.0798511, 0.132833, 0.19646, 0.638545, 2.33327, 2.21914]
yerr_sys = [0.0275626, 0.028077, 0.0354783, 0.0447966, 0.0613094, 0.101965, 0.138592, 0.492823, 1.83205, 1.75776]
chi2 = '18.5267'
