frac_err_stat = [0.247157, 0.122588, 0.175768, 0.167974, 0.201272, 0.304369, 0.189927, 0.259971, -0.374073, 0.286675]
frac_err_mcstat = [0, 0, 0, 0, 0, 0, 0, 0, -0, 0]
frac_err_dirt = [0.00769871, 0.00424918, 0.00447133, 0.00813667, 0.00744947, 0.0158792, 0.009479, 0.011861, -0.0179275, 0.0146233]
frac_err_flux = [0.0201609, 0.0113309, 0.02519, 0.0235286, 0.017016, 0.0311759, 0.0109794, 0.0288615, -0.0362962, 0.0384701]
frac_err_det = [0.248801, 0.109587, 0.164061, 0.16347, 0.187135, 0.318405, 0.178549, 0.279758, -0.42723, 0.327078]
frac_err_geant4 = [0.011831, 0.00984438, 0.011697, 0.012434, 0.0134156, 0.0158752, 0.0135916, 0.0129556, -0.0168722, 0.0138005]
frac_err_genie = [0.152837, 0.0522763, 0.086971, 0.111322, 0.139599, 0.164801, 0.0504448, 0.129259, -0.18973, 0.163646]
frac_err_rw = [0.0657284, 0.0316695, 0.0506437, 0.035978, 0.0397981, 0.0530851, 0.0231943, 0.0579022, -0.0654145, 0.0506889]
frac_err_rw_cor = [0.0516794, 0.0235501, 0.0628884, 0.0386119, 0.0395139, 0.00747249, 0.0194355, 0.00986345, -0.0155456, 0.0131745]
