frac_err_stat = [0.121685, 0.0773084, 0.0660642, 0.080842, 0.138524, 0.0707044, 0.109631, 0.118268]
frac_err_mcstat = [0.0633177, 0.0398164, 0.0339032, 0.0413191, 0.0702151, 0.0357158, 0.0546182, 0.0617556]
frac_err_dirt = [0, 0, 0, 0, 0, 0, 0, 0]
frac_err_flux = [0.0281004, 0.0112205, 0.00999564, 0.00996702, 0.0108908, 0.00708898, 0.00880719, 0.0440376]
frac_err_det = [0.125182, 0.0725303, 0.0639725, 0.0777373, 0.126102, 0.0646748, 0.0954314, 0.127697]
frac_err_geant4 = [0.0111458, 0.00532362, 0.00568736, 0.00788121, 0.00746703, 0.0044145, 0.00433758, 0.00404799]
frac_err_genie = [0.117236, 0.0672418, 0.0678515, 0.0875101, 0.107024, 0.0763984, 0.0588068, 0.121414]
