x = [0.5, 1.5, 2.5, 3.5, 4.5, 5.5, 6.5, 7.5]
GENIE_y = [0.649827, 1.37535, 1.30316, 0.983821, 0.784842, 0.63149, 0.405359, 0.0930997]
y = [0.552673, 1.33336, 1.23366, 0.808398, 0.581516, 0.583594, 0.472457, 0.104277]
yerr_stat = [0.0672519, 0.10308, 0.0815009, 0.0653524, 0.080554, 0.0412627, 0.0517961, 0.0123327]
yerr_tot = [0.12252, 0.176378, 0.147744, 0.120191, 0.132158, 0.0746545, 0.0785813, 0.0235039]
yerr_sys = [0.102413, 0.143122, 0.12323, 0.100871, 0.10477, 0.0622148, 0.0590948, 0.0200085]
chi2 = '6.19443'
