x = [0.5, 1.5, 2.5, 3.5, 4.5, 5.5, 6.5, 7.5]
GENIE_y = [0.570779, 1.08919, 0.979146, 0.719334, 0.533353, 0.379118, 0.222944, 0.0614157]
y = [0.846973, 1.48829, 1.34491, 1.05818, 0.79596, 0.501011, 0.250677, 0.0743395]
yerr_stat = [0.0715749, 0.109942, 0.0821676, 0.0690412, 0.0655349, 0.0415102, 0.0374507, 0.0145133]
yerr_tot = [0.134715, 0.200603, 0.159199, 0.127989, 0.114114, 0.0797142, 0.0683926, 0.0281103]
yerr_sys = [0.114128, 0.167792, 0.136355, 0.10777, 0.0934197, 0.0680533, 0.0572276, 0.0240739]
chi2 = '9.9808'
