frac_err_stat = [0.0845066, 0.0738716, 0.0610954, 0.0652452, 0.0823345, 0.082853, 0.149398, 0.19523]
frac_err_mcstat = [0, 0, 0, 0, 0, 0, 0, 0]
frac_err_dirt = [0.00567006, 0.00583247, 0.00468159, 0.00359444, 0.00407321, 0.00470451, 0.00792639, 0.00937471]
frac_err_flux = [0.0183289, 0.014245, 0.0130897, 0.0113318, 0.0104211, 0.010459, 0.020075, 0.0622881]
frac_err_det = [0.0922394, 0.0739724, 0.0636698, 0.0695482, 0.0882044, 0.0930746, 0.16973, 0.235895]
frac_err_geant4 = [0.00731569, 0.00759136, 0.00825482, 0.00849974, 0.00859419, 0.0103141, 0.0137194, 0.0129573]
frac_err_genie = [0.0735025, 0.0664802, 0.0659748, 0.0635493, 0.0656967, 0.0798993, 0.11592, 0.172294]
frac_err_rw = [0.0600004, 0.0479261, 0.0373181, 0.0325796, 0.0344168, 0.0498981, 0.085416, 0.108029]
frac_err_rw_cor = [0.0149899, 0.015088, 0.0147861, 0.0148965, 0.0171886, 0.0259965, 0.043839, 0.061095]
