frac_err_stat = [0.197791, 0.0737304, 0.122753, 0.331809, -0.776437, 0.1445, 0.0845293, 0.0825953, 0.1326, 1.74168, 0.20144, 0.0998098, 0.0799077, 0.0813319, 0.167038, 0.240861, 0.124872, 0.0931973, 0.0809165, 0.117602]
frac_err_mcstat = [0.093363, 0.0346142, 0.0569722, 0.170984, -0.428784, 0.0717201, 0.041753, 0.038827, 0.063827, 0.924928, 0.0971897, 0.0481424, 0.0372395, 0.0375107, 0.0844534, 0.115904, 0.0600302, 0.0431572, 0.0378203, 0.0555014]
frac_err_dirt = [0.0070709, 0.00265221, 0.00296135, 0.00788546, -0.0187058, 0.00516262, 0.00370368, 0.00278897, 0.00317057, 0.068267, 0.00705133, 0.003723, 0.00263743, 0.00227272, 0.00425511, 0.00801964, 0.00440301, 0.00299101, 0.00221137, 0.00287393]
frac_err_flux = [0.102011, 0.0530448, 0.0585432, 0.131683, -0.18081, 0.0823862, 0.0605173, 0.0616833, 0.0749143, 0.784027, 0.0878564, 0.0686261, 0.0569993, 0.0572456, 0.107967, 0.0984338, 0.0750286, 0.0593233, 0.0613965, 0.0952696]
frac_err_det = [0.169545, 0.0658202, 0.102286, 0.369322, -0.991274, 0.14277, 0.0774882, 0.0759463, 0.107291, 1.71314, 0.199806, 0.100122, 0.0743396, 0.0727119, 0.153399, 0.249084, 0.130821, 0.0850359, 0.0728659, 0.105301]
frac_err_geant4 = [0.0307966, 0.0153158, 0.0176902, 0.0523687, -0.0883862, 0.02434, 0.0164174, 0.015789, 0.0215655, 0.140645, 0.0282365, 0.0200018, 0.0151288, 0.0162705, 0.0198224, 0.0307926, 0.0215412, 0.0172089, 0.0191479, 0.0292728]
frac_err_genie = [0.0785613, 0.0457334, 0.052058, 0.119657, -0.208625, 0.0634022, 0.045381, 0.0491226, 0.0618859, 0.858618, 0.109064, 0.0626829, 0.0471946, 0.0445637, 0.0741533, 0.154602, 0.0906009, 0.0521724, 0.0436918, 0.0657469]
frac_err_rw = [0.0749056, 0.0363448, 0.0362938, 0.0922922, -0.178744, 0.0606269, 0.0415482, 0.0370573, 0.0546041, 0.566142, 0.0574077, 0.0406965, 0.0352441, 0.0366472, 0.0672386, 0.0561062, 0.039887, 0.034224, 0.0331479, 0.0521242]
frac_err_rw_cor = [0.0421588, 0.0242649, 0.0249813, 0.0454042, -0.0425826, 0.0341648, 0.0257867, 0.025722, 0.0314878, 0.250765, 0.0337537, 0.0278298, 0.0235269, 0.0240834, 0.0374865, 0.0350858, 0.02849, 0.0232686, 0.0244983, 0.0347227]
