GENIE_y = [0.237399, 0.491592, 0.52024, 0.445626, 0.354004, 0.282764, 0.20091, 0.115573, 0.0733391, 0.0500418, 0.0245149, 0.126712, 0.356202, 0.496561, 0.501127, 0.466146, 0.38638, 0.246864, 0.146829, 0.0820475, 0.0339822, 0.0105192]
y = [0.104851, 0.277382, 0.345055, 0.308687, 0.248825, 0.200594, 0.136287, 0.0860772, 0.0674433, 0.048386, 0.0226088, 0.134385, 0.418124, 0.602913, 0.602254, 0.545779, 0.439938, 0.26662, 0.149982, 0.0758683, 0.0205844, -0.000294436]
yerr_stat = [0.076901, 0.125, 0.104085, 0.0766276, 0.0630086, 0.0666529, 0.0538959, 0.0335127, 0.026165, 0.0222248, 0.0121325, 0.0509048, 0.111479, 0.130833, 0.116246, 0.0965502, 0.0721413, 0.0425073, 0.030445, 0.031793, 0.0260386, 0.014202]
yerr_tot = [0.0910997, 0.152269, 0.132073, 0.101003, 0.0814978, 0.0798369, 0.063796, 0.0400783, 0.0308529, 0.0261329, 0.0142459, 0.0596084, 0.13031, 0.153073, 0.136825, 0.11503, 0.0877554, 0.0536574, 0.0383076, 0.0376664, 0.0302409, 0.0164339]
yerr_sys = [0.0488405, 0.0869532, 0.0812999, 0.0658013, 0.0516896, 0.0439468, 0.0341346, 0.0219811, 0.0163491, 0.0137471, 0.00746637, 0.0310139, 0.0674761, 0.0794615, 0.0721662, 0.0625294, 0.0499665, 0.0327452, 0.0232502, 0.0201981, 0.0153787, 0.00826895]
chi2 = '17.4241'
