frac_err_stat = [0.733431, 0.450642, 0.301648, 0.248238, 0.253225, 0.332277, 0.395459, 0.389333, 0.387955, 0.459323, 0.536631, 0.378797, 0.266618, 0.217001, 0.193018, 0.176903, 0.163981, 0.15943, 0.202991, 0.419055, 1.26497, -48.2347]
frac_err_mcstat = [0.202297, 0.123311, 0.0818077, 0.0681179, 0.0689451, 0.0888957, 0.111024, 0.119142, 0.124537, 0.152603, 0.172928, 0.116599, 0.0781368, 0.061178, 0.0530945, 0.0476333, 0.0430323, 0.0416922, 0.0562128, 0.119061, 0.36504, -14.1035]
frac_err_dirt = [0.0148934, 0.0107134, 0.00780125, 0.00538939, 0.00422999, 0.00535773, 0.00642608, 0.0048598, 0.00454055, 0.00684172, 0.010617, 0.0106246, 0.00947213, 0.00830532, 0.00711916, 0.00581967, 0.004422, 0.00327054, 0.00359032, 0.00823016, 0.0272938, -1.07892]
frac_err_flux = [0.12654, 0.0845493, 0.0611602, 0.0547713, 0.0544258, 0.0567817, 0.0656513, 0.0686986, 0.0631109, 0.0659793, 0.0678185, 0.044929, 0.0305989, 0.0247694, 0.0231132, 0.0239475, 0.0273093, 0.0349686, 0.0479049, 0.0766115, 0.197562, -7.01266]
frac_err_det = [0.216153, 0.13473, 0.0996154, 0.0910538, 0.0885953, 0.102032, 0.128425, 0.143882, 0.148643, 0.189496, 0.234513, 0.1606, 0.103899, 0.0777608, 0.0660225, 0.0589626, 0.0538222, 0.0550981, 0.0786741, 0.16359, 0.500322, -19.5026]
frac_err_xs = [0.336299, 0.240099, 0.187342, 0.171697, 0.166046, 0.162578, 0.17193, 0.159911, 0.130982, 0.130859, 0.139456, 0.108358, 0.0900921, 0.0830553, 0.0812133, 0.0822995, 0.0859393, 0.0952694, 0.111238, 0.154926, 0.367168, -12.6139]
