frac_err_stat = [0.087294, 0.0825495, 0.0742008, 0.0640776, 0.0681062, 0.09152, 0.140565, 0.194073, 0.162761, 0.150334, 0.133544, 0.139872, 0.157681, 0.192711, 0.482933, 1.28945]
frac_err_mcstat = [0, 0, 0, 0, 0, 0, 0, 0, 0, 0, 0, 0, 0, 0, 0, 0]
frac_err_dirt = [0.00809875, 0.00730848, 0.00609906, 0.00426514, 0.00376872, 0.00552496, 0.00965999, 0.013457, 0.00678871, 0.0072724, 0.00623122, 0.00564376, 0.00596586, 0.00821138, 0.0179644, 0.0308047]
frac_err_flux = [0.0175582, 0.0152884, 0.0133931, 0.0120955, 0.0109947, 0.0126306, 0.0211132, 0.0314351, 0.0184546, 0.0219113, 0.0235794, 0.0199403, 0.0189383, 0.0272422, 0.0517639, 0.279416]
frac_err_det = [0.0963662, 0.0867822, 0.0785861, 0.0718205, 0.0795189, 0.110246, 0.173466, 0.238916, 0.200962, 0.18204, 0.170348, 0.177792, 0.195793, 0.248335, 0.610549, 1.6872]
frac_err_geant4 = [0.0102961, 0.00997958, 0.0103091, 0.0111921, 0.012371, 0.0141529, 0.017367, 0.0209836, 0.0134684, 0.012093, 0.0112209, 0.0104784, 0.0110757, 0.016991, 0.0431284, 0.127513]
frac_err_genie = [0.0641791, 0.061605, 0.0609842, 0.0614384, 0.0623503, 0.0678459, 0.0871578, 0.113026, 0.110666, 0.101391, 0.103439, 0.106354, 0.114122, 0.157281, 0.333183, 0.878264]
frac_err_rw = [0.0483695, 0.0461759, 0.0423949, 0.0396145, 0.0433111, 0.0579814, 0.0831703, 0.104838, 0.11235, 0.096224, 0.0813043, 0.0734755, 0.0728621, 0.10384, 0.254408, 0.635915]
frac_err_rw_cor = [0.0563665, 0.0465059, 0.0320122, 0.0159231, 0.00547698, 0.0332856, 0.0757399, 0.108808, 0.154551, 0.166333, 0.172937, 0.165989, 0.16634, 0.241601, 0.506323, 0.897518]
