GENIE_y = [0.00596624, 0.00669953, 0.00634458, 0.00563726, 0.00491067, 0.00418705, 0.00360123, 0.00287796, 0.00232619, 0.0014393, 0.000557335, 0.0408588, 0.0495432, 0.0474793, 0.0411221, 0.0333287, 0.0274294, 0.0205699, 0.0150006, 0.00986033, 0.00525855, 0.00161595]
y = [0.00679645, 0.00806189, 0.00831812, 0.00792098, 0.00725872, 0.00652414, 0.00599993, 0.00510232, 0.00424266, 0.00252838, 0.000871972, 0.0332068, 0.0431152, 0.0435278, 0.0369924, 0.0280661, 0.0215637, 0.0156911, 0.0115366, 0.00749555, 0.00327327, 0.000422631]
yerr_stat = [0.000821, 0.000863414, 0.000746696, 0.000637295, 0.000568169, 0.000512055, 0.000472827, 0.000410078, 0.000356169, 0.000248211, 0.000125494, 0.00196062, 0.0020625, 0.00174378, 0.00137161, 0.00129056, 0.00138597, 0.00104057, 0.000703577, 0.000570372, 0.000437285, 0.000226486]
yerr_tot = [0.00236607, 0.0025121, 0.00220001, 0.00187429, 0.00163783, 0.00144121, 0.00130355, 0.00111336, 0.0009675, 0.000677527, 0.000334755, 0.0062368, 0.00698177, 0.0064068, 0.00541567, 0.00467454, 0.00441468, 0.00344912, 0.00262109, 0.00203688, 0.00139961, 0.000640245]
yerr_sys = [0.00221906, 0.00235906, 0.00206941, 0.00176262, 0.00153613, 0.00134718, 0.00121478, 0.00103508, 0.000899555, 0.000630424, 0.000310343, 0.00592061, 0.00667017, 0.00616493, 0.0052391, 0.00449286, 0.00419148, 0.00328841, 0.0025249, 0.00195539, 0.00132955, 0.000598847]
chi2 = '12.7925'
chi2_ch1 = '6.28288'
chi2_ch2 = '7.47607'
