frac_err_stat = [0.120798, 0.107098, 0.0897673, 0.0804566, 0.078274, 0.0784862, 0.0788055, 0.0803708, 0.0839495, 0.0981699, 0.14392, 0.0590425, 0.0478368, 0.0400612, 0.0370783, 0.0459828, 0.0642734, 0.0663157, 0.0609863, 0.0760947, 0.133593, 0.535896]
frac_err_mcstat = [0.0725739, 0.0642971, 0.0535998, 0.0476159, 0.0461705, 0.0466523, 0.0474325, 0.0488294, 0.0512122, 0.0601083, 0.0878177, 0.0353542, 0.0278231, 0.0228687, 0.0216783, 0.0280316, 0.038906, 0.0399857, 0.0370194, 0.0471626, 0.0915698, 0.412429]
frac_err_dirt = [0.000737859, 0.000644307, 0.000533514, 0.000469481, 0.000447304, 0.000438736, 0.000447247, 0.000472822, 0.000490561, 0.000494441, 0.000587252, 0.000213943, 0.000162933, 0.000137894, 0.000126984, 0.000161554, 0.000198356, 0.000189571, 0.00019278, 0.000294275, 0.000508579, 0.00165089]
frac_err_flux = [0.109838, 0.101201, 0.089299, 0.0812229, 0.0770559, 0.0744451, 0.0720947, 0.0715115, 0.0741186, 0.0829721, 0.102743, 0.10346, 0.0978805, 0.0964638, 0.101881, 0.114589, 0.131825, 0.148109, 0.161756, 0.180822, 0.247125, 0.688437]
frac_err_det = [0.276945, 0.246067, 0.206398, 0.182876, 0.173314, 0.16936, 0.166833, 0.168013, 0.176201, 0.209528, 0.307534, 0.110047, 0.0876977, 0.0750877, 0.071117, 0.0851962, 0.11723, 0.121156, 0.118713, 0.157902, 0.27547, 1.05964]
frac_err_xs = [0.100539, 0.0927446, 0.0825289, 0.076599, 0.0743224, 0.0724335, 0.0698961, 0.0686992, 0.0714895, 0.0833533, 0.111909, 0.068917, 0.0590129, 0.0507895, 0.0463478, 0.0472523, 0.0515186, 0.0556936, 0.0609859, 0.0740991, 0.122145, 0.450857]
frac_err_rw = [0.0359497, 0.032699, 0.0281009, 0.0247094, 0.022427, 0.0205767, 0.0187279, 0.0173365, 0.0171057, 0.0192091, 0.025003, 0.039343, 0.0349568, 0.0316355, 0.0313544, 0.0329329, 0.0349419, 0.035776, 0.0355579, 0.0368792, 0.0487809, 0.135868]
frac_err_rw_cor = [0.0342571, 0.0320909, 0.0290653, 0.0270385, 0.025516, 0.0238162, 0.0218007, 0.020184, 0.0197118, 0.0213014, 0.0260139, 0.0377805, 0.0344051, 0.0318253, 0.0319307, 0.0336709, 0.0356731, 0.0363923, 0.0358818, 0.0367439, 0.0484389, 0.138369]
