GENIE_y = [0.1275, 0.139492, 0.160519, 0.179086, 0.19874, 0.22773, 0.266626, 0.292409, 0.339526, 0.383669, 0.428632, 0.476771, 0.524686, 0.572306, 0.612597, 0.712938, 0.752593, 0.821195]
y = [0.0764242, 0.083146, 0.0949861, 0.105697, 0.117588, 0.135337, 0.159563, 0.17649, 0.207151, 0.236286, 0.265847, 0.297039, 0.327513, 0.356997, 0.381197, 0.442164, 0.46549, 0.506858]
yerr_stat = [0.0234683, 0.0243398, 0.0253996, 0.0247921, 0.0234434, 0.0226596, 0.0229457, 0.0235736, 0.0282539, 0.0348225, 0.0428359, 0.0518991, 0.0612727, 0.0706793, 0.0790239, 0.0950158, 0.102533, 0.113141]
yerr_tot = [0.0318327, 0.0334563, 0.0358514, 0.0365163, 0.0367126, 0.0383215, 0.04173, 0.0440462, 0.0509905, 0.0588385, 0.0678271, 0.0779748, 0.0884688, 0.0990879, 0.108429, 0.128403, 0.137213, 0.150677]
yerr_sys = [0.0215071, 0.0229543, 0.0253019, 0.0268103, 0.0282529, 0.0309043, 0.0348552, 0.037207, 0.042447, 0.0474275, 0.052589, 0.0581942, 0.0638152, 0.0694467, 0.0742431, 0.0863677, 0.0911822, 0.0995115]
