x = [0.5, 1.5]
GENIE_y = [0.636741, 0.615243]
y = [0.752391, 0.703954]
yerr_stat = [0.0232854, 0.0221134]
yerr_tot = [0.233291, 0.22749]
yerr_sys = [0.232126, 0.226412]
chi2 = '0.96751'
chi2_ch1 = '0.245749'
chi2_ch2 = '0.152066'
