GENIE_y = [1.75667]
y = [1.55601]
yerr_stat = [0.218133]
yerr_tot = [0.393321]
yerr_sys = [0.327291]
chi2 = '0.260278'
