 Stat. Cov. (reco space) 
[[236.112, 0, 0, 0, 0, 0, 0, 0],
[0, 0, 0, 0, 0, 0, 0, 0],
[0, 0, 185.019, 0, 0, 0, 0, 0],
[0, 0, 0, 0.0309781, 0, 0, 0, 0],
[0, 0, 0, 0, 72.1442, 0, 0, 0],
[0, 0, 0, 0, 0, 0, 0, 0],
[0, 0, 0, 0, 0, 0, 54.771, 0],
[0, 0, 0, 0, 0, 0, 0, 0.0496231]]

 MC Stat. Cov. (reco space) 
[[16.1023, 0, 0, 0, 0, 0, 0, 0],
[0, 0.0290603, 0, 0, 0, 0, 0, 0],
[0, 0, 12.962, 0, 0, 0, 0, 0],
[0, 0, 0, 0.0249033, 0, 0, 0, 0],
[0, 0, 0, 0, 5.75807, 0, 0, 0],
[0, 0, 0, 0, 0, 0.0290603, 0, 0],
[0, 0, 0, 0, 0, 0, 4.2109, 0],
[0, 0, 0, 0, 0, 0, 0, 0.0266479]]

 Dirt Cov. (reco space) 
[[1.73015, 0, 0, 0, 0, 0, 0, 0],
[0, 0, 0, 0, 0, 0, 0, 0],
[0, 0, 0.261653, 0, 0, 0, 0, 0],
[0, 0, 0, 0, 0, 0, 0, 0],
[0, 0, 0, 0, 0.362773, 0, 0, 0],
[0, 0, 0, 0, 0, 0, 0, 0],
[0, 0, 0, 0, 0, 0, 0.0259988, 0],
[0, 0, 0, 0, 0, 0, 0, 0]]

 Flux Cov. (reco space) 
[[253.769, 0, 226.372, 0.100744, 81.7825, 0, 61.4187, 0.00125405],
[0, 0, 0, 0, 0, 0, 0, 0],
[226.372, 0, 224.942, 0.0861341, 73.8027, 0, 60.5466, 0.00952453],
[0.100744, 0, 0.0861341, 0.000228999, 0.0323873, 0, 0.0193057, -0.000113957],
[81.7825, 0, 73.8027, 0.0323873, 27.1095, 0, 20.4823, 0.00370406],
[0, 0, 0, 0, 0, 0, 0, 0],
[61.4187, 0, 60.5466, 0.0193057, 20.4823, 0, 16.9068, 0.0101427],
[0.00125405, 0, 0.00952453, -0.000113957, 0.00370406, 0, 0.0101427, 0.000307914]]

 Det. Cov. (reco space) 
[[623.507, 0, -404.877, 1.08494, 177.261, 0, -149.105, 2.54389],
[0, 0, 0, 0, 0, 0, 0, 0],
[-404.877, 0, 384.963, -1.1946, -130.122, 0, 109.121, -2.29957],
[1.08494, 0, -1.1946, 0.0848575, 0.498959, 0, -0.621093, 0.012779],
[177.261, 0, -130.122, 0.498959, 90.7583, 0, -56.3931, 1.13572],
[0, 0, 0, 0, 0, 0, 0, 0],
[-149.105, 0, 109.121, -0.621093, -56.3931, 0, 78.7822, -0.917461],
[2.54389, 0, -2.29957, 0.012779, 1.13572, 0, -0.917461, 0.0998986]]

 XSec. Cov. (reco space) 
[[328.433, 0, 256.457, 0.497484, 136.238, 0, 100.085, -0.000773835],
[0, 0, 0, 0, 0, 0, 0, 0],
[256.457, 0, 348.784, 0.573483, 132.196, 0, 113.182, 0.00850162],
[0.497484, 0, 0.573483, 0.00385986, 0.283721, 0, 0.257914, -5.46286e-05],
[136.238, 0, 132.196, 0.283721, 66.3148, 0, 51.3057, -0.00468097],
[0, 0, 0, 0, 0, 0, 0, 0],
[100.085, 0, 113.182, 0.257914, 51.3057, 0, 44.0179, 0.00582167],
[-0.000773835, 0, 0.00850162, -5.46286e-05, -0.00468097, 0, 0.00582167, 0.000104108]]

 RW Cov. (reco space) 
[[69.1244, 0, -8.03355, 0.00654738, 11.5723, 0, 0.644351, 0.00789479],
[0, 0, 0, 0, 0, 0, 0, 0],
[-8.03355, 0, 72.0519, 0.00574115, 3.40434, 0, 13.1584, 0.00692264],
[0.00654738, 0, 0.00574115, 1.85787e-06, 0.00187661, 0, 0.00149559, 2.24021e-06],
[11.5723, 0, 3.40434, 0.00187661, 2.83856, 0, 1.34544, 0.0022628],
[0, 0, 0, 0, 0, 0, 0, 0],
[0.644351, 0, 13.1584, 0.00149559, 1.34544, 0, 2.86563, 0.00180337],
[0.00789479, 0, 0.00692264, 2.24021e-06, 0.0022628, 0, 0.00180337, 2.70123e-06]]

 RW corr Cov. (reco space) 
[[43.5327, 0, -67.1799, 0.00654738, 5.50876, 0, -10.0013, 0.00789479],
[0, 0, 0, 0, 0, 0, 0, 0],
[-67.1799, 0, 444.473, 0.00574115, 12.5396, 0, 78.7992, 0.00692264],
[0.00654738, 0, 0.00574115, 1.85787e-06, 0.00187661, 0, 0.00149559, 2.24021e-06],
[5.50876, 0, 12.5396, 0.00187661, 2.03186, 0, 2.674, 0.0022628],
[0, 0, 0, 0, 0, 0, 0, 0],
[-10.0013, 0, 78.7992, 0.00149559, 2.674, 0, 14.1004, 0.00180337],
[0.00789479, 0, 0.00692264, 2.24021e-06, 0.0022628, 0, 0.00180337, 2.70123e-06]]

 Tot. Cov. (reco space) 
[[1572.31, 0, 2.73817, 1.69626, 412.362, 0, 3.04214, 2.56016],
[0, 0.0290603, 0, 0, 0, 0, 0, 0],
[2.73817, 0, 1673.46, -0.523497, 91.821, 0, 374.808, -2.2677],
[1.69626, 0, -0.523497, 0.144832, 0.81882, 0, -0.340883, 0.0126149],
[412.362, 0, 91.821, 0.81882, 267.318, 0, 19.4143, 1.13927],
[0, 0, 0, 0, 0, 0.0290603, 0, 0],
[3.04214, 0, 374.808, -0.340883, 19.4143, 0, 215.681, -0.89789],
[2.56016, 0, -2.2677, 0.0126149, 1.13927, 0, -0.89789, 0.176587]]

-------------------------------------------------------------------------------

 Stat. Cov. (unfolded space) 
[[4.75818e-06]]

 MC Stat. Cov. (unfolded space) 
[[3.43945e-07]]

 Dirt Cov. (unfolded space) 
[[2.42307e-08]]

 Flux Cov. (unfolded space) 
[[3.42562e-06]]

 Det. Cov. (unfolded space) 
[[2.10914e-06]]

 XSec. Cov. (unfolded space) 
[[3.08683e-06]]

 RW Cov. (unfolded space) 
[[5.92658e-07]]

 RW corr Cov. (unfolded space) 
[[1.12952e-06]]

 Tot. Cov. (unfolded space) 
[[1.54701e-05]]

