x = [0.5, 1.5, 2.5, 3.5, 4.5, 5.5, 6.5, 7.5, 8.5, 9.5]
GENIE_y = [0.0809925, 0.0971164, 0.122105, 0.152907, 0.197133, 0.246055, 0.298518, 0.352775, 0.409249, 0.467992]
y = [0.122178, 0.146509, 0.184585, 0.233853, 0.306007, 0.385643, 0.469069, 0.55285, 0.638726, 0.728563]
yerr_stat = [0.0115696, 0.0124843, 0.0132034, 0.0141282, 0.0172796, 0.0223529, 0.0286377, 0.0353895, 0.0423749, 0.0492929]
yerr_tot = [0.0269524, 0.0301418, 0.0342941, 0.0395238, 0.0490442, 0.0611457, 0.0751407, 0.0900848, 0.105787, 0.12184]
yerr_sys = [0.0243429, 0.0274349, 0.0316505, 0.0369124, 0.0458994, 0.0569135, 0.0694695, 0.0828424, 0.0969294, 0.111424]
chi2 = '17.1219'
