frac_err_stat = [0.094694, 0.0852116, 0.0715306, 0.0604149, 0.056468, 0.0579626, 0.0610521, 0.0640128, 0.0663428, 0.0676577]
frac_err_mcstat = [0.0441541, 0.0398685, 0.0336161, 0.0284107, 0.0263943, 0.0268359, 0.0280362, 0.029245, 0.0302271, 0.0307902]
frac_err_dirt = [0.0035095, 0.00325982, 0.00293046, 0.00268397, 0.00265943, 0.0027752, 0.00288987, 0.0029862, 0.00306859, 0.00311961]
frac_err_flux = [0.0405376, 0.0403824, 0.0401901, 0.0395223, 0.0387336, 0.0383642, 0.0384373, 0.0387745, 0.0391418, 0.0393526]
frac_err_det = [0.107315, 0.0983708, 0.0862987, 0.0764939, 0.0722307, 0.0726223, 0.0749599, 0.0776384, 0.0799624, 0.0813196]
frac_err_geant4 = [0.0163876, 0.0167333, 0.0172605, 0.0178556, 0.0184382, 0.018874, 0.0191747, 0.0193847, 0.0195317, 0.0196071]
frac_err_genie = [0.136312, 0.128853, 0.119271, 0.110661, 0.104697, 0.101425, 0.0998651, 0.099379, 0.0994407, 0.0995796]
frac_err_rw = [0.0646084, 0.0607621, 0.0553244, 0.050363, 0.0474008, 0.0464892, 0.0467567, 0.0474671, 0.0481208, 0.0484851]
frac_err_rw_cor = [0.0393873, 0.0397797, 0.0402, 0.0398251, 0.0390999, 0.0387529, 0.0389372, 0.0394134, 0.0399325, 0.0402359]
