x = [0.5, 1.5, 2.5, 3.5, 4.5, 5.5, 6.5, 7.5, 8.5, 9.5, 10.5, 11.5, 12.5, 13.5, 14.5, 15.5, 16.5, 17.5, 18.5, 19.5]
GENIE_y = [0.304715, 0.459202, 0.207171, 0.0641369, 0.00175664, 0.266336, 0.588526, 0.506218, 0.304671, 0.0312072, 0.257942, 0.651453, 0.763865, 0.65419, 0.135354, 0.294727, 0.731913, 0.964181, 1.01041, 0.394602]
y = [0.301874, 0.677968, 0.282455, 0.0570172, -0.00953023, 0.343367, 0.800066, 0.623036, 0.333614, -0.00101823, 0.392469, 0.865226, 0.918838, 0.726001, 0.090647, 0.496823, 0.963932, 1.12159, 1.05825, 0.35244]
yerr_stat = [0.0554537, 0.0532791, 0.0327744, 0.0158958, 0.00317594, 0.0447367, 0.0465761, 0.0406582, 0.028552, 0.00815763, 0.0711856, 0.0696996, 0.0659943, 0.0542874, 0.0192098, 0.1118, 0.106829, 0.101486, 0.0930316, 0.0415382]
yerr_tot = [0.0894992, 0.0871371, 0.0504401, 0.0247052, 0.00534197, 0.0760341, 0.087668, 0.0715825, 0.0473884, 0.0134399, 0.117183, 0.124443, 0.113406, 0.0903517, 0.0315591, 0.184119, 0.184204, 0.167331, 0.151723, 0.072499]
yerr_sys = [0.0702495, 0.0689508, 0.0383412, 0.0189122, 0.00429536, 0.0614802, 0.0742721, 0.0589149, 0.0378212, 0.010681, 0.0930832, 0.103092, 0.0922264, 0.0722241, 0.0250391, 0.146289, 0.150062, 0.133043, 0.119854, 0.0594196]
chi2 = '27.0891'
