frac_err_stat = [0.183698, 0.0785864, 0.116034, 0.27879, -0.333249, 0.130288, 0.0582153, 0.0652582, 0.0855839, -8.01155, 0.181379, 0.0805566, 0.0718237, 0.0747759, 0.211919, 0.22503, 0.110827, 0.0904839, 0.0879112, 0.117859]
frac_err_mcstat = [0.086645, 0.0365577, 0.0541576, 0.136823, -0.184807, 0.0640582, 0.0287703, 0.0309326, 0.0411002, -4.31042, 0.0886139, 0.0391377, 0.0336726, 0.0344819, 0.110531, 0.1094, 0.0533612, 0.0419595, 0.0404417, 0.0594898]
frac_err_dirt = [0.00686932, 0.00281846, 0.00319132, 0.00697071, -0.00873073, 0.00537393, 0.00261456, 0.00234357, 0.00245745, -0.286316, 0.00721842, 0.00333157, 0.00245108, 0.00217592, 0.00570816, 0.0087669, 0.00439524, 0.00294392, 0.00236731, 0.00279966]
frac_err_flux = [0.0173154, 0.0107204, 0.0115857, 0.0241488, -0.0371172, 0.0211688, 0.011357, 0.00984374, 0.00952113, -1.21299, 0.0292075, 0.0145102, 0.0101522, 0.00805655, 0.0418708, 0.0355924, 0.0186605, 0.0121107, 0.00903903, 0.0289641]
frac_err_det = [0.159163, 0.0669562, 0.101334, 0.263012, -0.39075, 0.123474, 0.0571648, 0.0601322, 0.0757714, -8.07657, 0.178039, 0.0791091, 0.0644844, 0.0645229, 0.189171, 0.224199, 0.107868, 0.0784069, 0.0742708, 0.102536]
frac_err_geant4 = [0.0147578, 0.00528522, 0.00582118, 0.0178184, -0.0236146, 0.0111119, 0.00738117, 0.00780211, 0.00581078, -0.43213, 0.0126783, 0.00925932, 0.00869185, 0.00654913, 0.00937163, 0.0140233, 0.00974619, 0.00879185, 0.00814777, 0.00758707]
frac_err_genie = [0.102851, 0.0515457, 0.0646104, 0.134316, -0.104077, 0.0794893, 0.0532724, 0.0573517, 0.06444, -4.37352, 0.107195, 0.0684214, 0.0598717, 0.0587335, 0.147001, 0.139162, 0.0883602, 0.0686448, 0.0658474, 0.107933]
frac_err_rw = [0.0808204, 0.0335331, 0.0264388, 0.0531933, -0.0556382, 0.0683885, 0.0345251, 0.0284977, 0.0309209, -2.22568, 0.0624853, 0.0358526, 0.0304382, 0.0296306, 0.0686801, 0.0589593, 0.0376508, 0.0335662, 0.0330338, 0.0421862]
frac_err_rw_cor = [0.0603279, 0.0243205, 0.0131398, 0.0174651, -0.0189648, 0.033377, 0.0173808, 0.0102207, 0.013518, -0.634382, 0.0154882, 0.0115147, 0.00932223, 0.0102151, 0.00993494, 0.00916738, 0.00804327, 0.00954416, 0.00973382, 0.00616487]
