frac_err_stat = [0.126441, 0.0750207, 0.0753611, 0.0691871, 0.111209, 0.179977, 0.115302, 0.0895052, 0.1191, 0.120562]
frac_err_mcstat = [0.0663639, 0.0389799, 0.0388509, 0.0353962, 0.056454, 0.0910374, 0.0588578, 0.0447895, 0.0591544, 0.0634787]
frac_err_dirt = [0, 0, 0, 0, 0, 0, 0, 0, 0, 0]
frac_err_flux = [0.0917084, 0.061693, 0.0558271, 0.0640141, 0.084774, 0.10387, 0.087398, 0.0621286, 0.0594315, 0.11471]
frac_err_det = [0.136345, 0.0756529, 0.0763309, 0.0701247, 0.105453, 0.164339, 0.109404, 0.0807257, 0.102664, 0.134601]
frac_err_geant4 = [0.020523, 0.0171776, 0.015718, 0.0137805, 0.012263, 0.0128324, 0.0131457, 0.0141367, 0.0144702, 0.0139912]
frac_err_genie = [0.0872335, 0.0533157, 0.0563956, 0.0538032, 0.0589455, 0.0735652, 0.0565667, 0.0488, 0.0474902, 0.0827716]
