x = [0.5, 1.5, 2.5, 3.5, 4.5, 5.5, 6.5, 7.5, 8.5, 9.5]
GENIE_y = [0.634811, 1.34761, 1.37819, 1.13337, 0.932312, 0.789147, 0.696557, 0.588819, 0.390241, 0.0946168]
y = [0.543571, 1.34131, 1.38917, 1.04191, 0.728894, 0.545568, 0.549341, 0.604387, 0.472399, 0.104609]
yerr_stat = [0.0687297, 0.100626, 0.104689, 0.0720868, 0.0810597, 0.0981894, 0.0633402, 0.0540958, 0.0562627, 0.0126119]
yerr_tot = [0.127968, 0.188809, 0.194281, 0.140329, 0.141124, 0.15817, 0.109509, 0.0916103, 0.0873884, 0.0249505]
yerr_sys = [0.107944, 0.15976, 0.163662, 0.120398, 0.115522, 0.124002, 0.0893324, 0.0739331, 0.0668673, 0.0215283]
chi2 = '5.99562'
