x = [0.5, 1.5, 2.5, 3.5, 4.5, 5.5, 6.5, 7.5]
GENIE_y = [0.555001, 1.05206, 0.944629, 0.694515, 0.51271, 0.36035, 0.209262, 0.0572953]
y = [0.847898, 1.48545, 1.33211, 1.03638, 0.774544, 0.48943, 0.247387, 0.0733682]
yerr_stat = [0.0714204, 0.112679, 0.0848993, 0.0676484, 0.0624852, 0.0410689, 0.0366032, 0.0144561]
yerr_tot = [0.162752, 0.248335, 0.200635, 0.158331, 0.133683, 0.0923182, 0.0736111, 0.0308366]
yerr_sys = [0.146244, 0.2213, 0.181786, 0.143152, 0.118181, 0.0826801, 0.0638654, 0.0272382]
chi2 = '6.41982'
