frac_err_stat = [0.0842322, 0.0758549, 0.0637332, 0.0652737, 0.0806735, 0.0839116, 0.147959, 0.197035]
frac_err_mcstat = [0.038818, 0.0346011, 0.029209, 0.0293024, 0.0362478, 0.0385569, 0.0695334, 0.0942192]
frac_err_dirt = [0.00511363, 0.00594256, 0.00505026, 0.00390723, 0.00436867, 0.00534829, 0.00826677, 0.00886003]
frac_err_flux = [0.0448087, 0.0330155, 0.0282532, 0.0297651, 0.0319639, 0.0343571, 0.0519697, 0.110515]
frac_err_det = [0.092217, 0.0783298, 0.0704477, 0.0775561, 0.0953857, 0.101497, 0.172293, 0.237938]
frac_err_geant4 = [0.0121894, 0.0120435, 0.0126824, 0.0131454, 0.0134336, 0.015678, 0.0205693, 0.0233559]
frac_err_genie = [0.10872, 0.0985312, 0.096165, 0.0952257, 0.0974968, 0.108211, 0.14121, 0.207902]
frac_err_rw = [0.0718746, 0.0581809, 0.0455255, 0.0384166, 0.0370865, 0.0478994, 0.0786062, 0.102687]
frac_err_rw_cor = [0.0238592, 0.0223141, 0.0224037, 0.0242395, 0.0276872, 0.0359242, 0.0530615, 0.0757104]
