GENIE_y = [0.270475, 0.550459, 0.58076, 0.463236, 0.371199, 0.287404, 0.187856, 0.102751, 0.0558485, 0.0337751, 0.0255784, 0.268681, 0.736202, 0.884804, 0.791113, 0.634592, 0.50093, 0.332706, 0.168878, 0.0787268, 0.0318805, 0.00970855]
y = [0.282308, 0.586771, 0.640254, 0.520925, 0.422722, 0.332366, 0.21968, 0.117216, 0.0496994, 0.0110117, 0.000251653, 0.0328185, 0.181577, 0.3164, 0.360921, 0.328873, 0.266033, 0.174742, 0.121863, 0.0988463, 0.0706518, 0.0329451]
yerr_stat = [0.101216, 0.188703, 0.17123, 0.115343, 0.081897, 0.0625127, 0.0503387, 0.0444604, 0.035989, 0.0225147, 0.0124455, 0.0749782, 0.128797, 0.132177, 0.113767, 0.0876441, 0.0656764, 0.0456288, 0.031483, 0.0250632, 0.0204229, 0.0113125]
yerr_tot = [0.115295, 0.215922, 0.197639, 0.134795, 0.0968012, 0.0742636, 0.0595076, 0.0516085, 0.0415189, 0.026146, 0.0145303, 0.088328, 0.156883, 0.165033, 0.144068, 0.112673, 0.0860511, 0.0596531, 0.0387189, 0.0294, 0.0237144, 0.0131326]
yerr_sys = [0.0552115, 0.104946, 0.0986984, 0.0697548, 0.0516076, 0.0400905, 0.031736, 0.0262052, 0.0207031, 0.0132929, 0.00749921, 0.0466916, 0.0895748, 0.0988186, 0.088388, 0.0708078, 0.0556003, 0.0384254, 0.0225383, 0.0153686, 0.0120531, 0.00667033]
chi2 = '28.7581'
