x = [0.5, 1.5, 2.5, 3.5, 4.5, 5.5, 6.5, 7.5]
GENIE_y = [0.218495, 0.394432, 0.370029, 0.309285, 0.257562, 0.195226, 0.128997, 0.0444582]
y = [0.376528, 0.632486, 0.528578, 0.380064, 0.260571, 0.150692, 0.0693169, 0.0168981]
yerr_stat = [0.0450622, 0.070962, 0.0540955, 0.0388826, 0.0333453, 0.0262235, 0.0197281, 0.00959076]
yerr_tot = [0.120046, 0.197293, 0.161469, 0.120428, 0.0969785, 0.0736087, 0.0542474, 0.0244294]
yerr_sys = [0.111268, 0.184089, 0.152138, 0.113978, 0.0910654, 0.0687792, 0.050533, 0.022468]
chi2 = '5.74639'
