frac_err_stat = [0.119678, 0.112195, 0.102342, 0.102306, 0.12797, 0.17402, 0.284608, 0.567564]
frac_err_mcstat = [0.0609735, 0.0572172, 0.0524161, 0.0522553, 0.0642697, 0.0867514, 0.143542, 0.289107]
frac_err_dirt = [0.0101873, 0.00924303, 0.00780299, 0.0064162, 0.00694972, 0.0103998, 0.0198727, 0.0394472]
frac_err_flux = [0.0666409, 0.0681069, 0.0713363, 0.077887, 0.0924978, 0.128481, 0.224055, 0.416559]
frac_err_det = [0.183176, 0.172539, 0.160267, 0.163112, 0.201261, 0.26366, 0.430242, 0.889209]
frac_err_geant4 = [0.0308722, 0.0311674, 0.0311447, 0.0310717, 0.0321374, 0.0370018, 0.050542, 0.0745102]
frac_err_genie = [0.160152, 0.157782, 0.153241, 0.149798, 0.15406, 0.175647, 0.258625, 0.485635]
frac_err_rw = [0.059828, 0.0599588, 0.0608806, 0.0656854, 0.0781261, 0.102676, 0.148347, 0.212398]
frac_err_rw_cor = [0.123809, 0.132231, 0.145261, 0.163624, 0.195005, 0.268141, 0.428609, 0.657286]
