GENIE_y = [0.127551, 0.139611, 0.160768, 0.179496, 0.199324, 0.228515, 0.267648, 0.293609, 0.340989, 0.385394, 0.430662, 0.479174, 0.527516, 0.575614, 0.616376, 0.717583, 0.757687, 0.826863]
y = [0.0853413, 0.092774, 0.105644, 0.116904, 0.129361, 0.14851, 0.175282, 0.194326, 0.228497, 0.260673, 0.292862, 0.326416, 0.358987, 0.390483, 0.416409, 0.482607, 0.507835, 0.552946]
yerr_stat = [0.0240541, 0.0250349, 0.0263349, 0.0260829, 0.025248, 0.025212, 0.0264181, 0.0275898, 0.0326716, 0.0392326, 0.0470403, 0.0558353, 0.0649127, 0.074041, 0.0821315, 0.0982333, 0.105675, 0.116435]
yerr_tot = [0.0297197, 0.0311731, 0.0332951, 0.0337756, 0.0338108, 0.0351593, 0.0382321, 0.0404805, 0.0472062, 0.0549432, 0.0638161, 0.0737887, 0.0840775, 0.094473, 0.10364, 0.122976, 0.131601, 0.144624]
yerr_sys = [0.0174544, 0.0185747, 0.0203724, 0.0214585, 0.022488, 0.0245057, 0.0276366, 0.0296222, 0.0340733, 0.0384651, 0.0431244, 0.0482409, 0.0534357, 0.0586777, 0.0632106, 0.0739816, 0.0784315, 0.0857846]
