frac_err_stat = [0.281858, 0.269848, 0.24928, 0.223113, 0.195175, 0.169766, 0.150718, 0.141977, 0.142985, 0.150505, 0.160623, 0.171056, 0.180822, 0.189614, 0.197238, 0.203547, 0.20809, 0.210573]
frac_err_mcstat = [0.0801735, 0.0767078, 0.0708294, 0.0634359, 0.0555545, 0.0483013, 0.0426655, 0.0397982, 0.0395735, 0.0412095, 0.0436527, 0.0462797, 0.0488246, 0.0511935, 0.0533071, 0.0550936, 0.0563965, 0.0571124]
frac_err_dirt = [0.00450154, 0.00429991, 0.00401371, 0.00372357, 0.0034097, 0.00302731, 0.00264671, 0.00240457, 0.00235631, 0.00244217, 0.00257947, 0.00272142, 0.00285349, 0.00297776, 0.00309302, 0.00319593, 0.00327319, 0.00331687]
frac_err_flux = [0.0415179, 0.0417698, 0.0421796, 0.0425478, 0.0427562, 0.0427535, 0.0425477, 0.0422519, 0.0419926, 0.0418796, 0.0419485, 0.0421892, 0.0425442, 0.0429804, 0.0434227, 0.0438274, 0.0441188, 0.0442905]
frac_err_det = [0.0826826, 0.0791405, 0.0728969, 0.0650681, 0.0570303, 0.0500961, 0.0451268, 0.0427629, 0.0425918, 0.0439191, 0.0459662, 0.0482687, 0.0505703, 0.0527183, 0.0546024, 0.0561791, 0.0573171, 0.0579501]
frac_err_xs = [0.163775, 0.161788, 0.158308, 0.153658, 0.148464, 0.143348, 0.138512, 0.134287, 0.130719, 0.128013, 0.126088, 0.124831, 0.124086, 0.123793, 0.123793, 0.124004, 0.124216, 0.124403]
