GENIE_y = [0.617021, 1.32768, 1.43185, 1.18355, 0.943261, 0.7661, 0.535604, 0.288987, 0.139544, 0.0602666, 0.0236097]
y = [0.261266, 0.571718, 0.718337, 0.747041, 0.711824, 0.597732, 0.359113, 0.239482, 0.175622, 0.0816189, 0.0191851]
yerr_stat = [0.124746, 0.209437, 0.190792, 0.136168, 0.116365, 0.102972, 0.0814456, 0.0558667, 0.0474571, 0.0335438, 0.0199302]
yerr_tot = [0.149727, 0.260126, 0.245216, 0.183094, 0.152307, 0.130737, 0.102316, 0.0693134, 0.0563454, 0.040085, 0.0239778]
yerr_sys = [0.0828053, 0.154277, 0.154044, 0.122399, 0.098268, 0.0805545, 0.0619292, 0.0410275, 0.0303748, 0.0219458, 0.0133313]
