frac_err_stat = [0.477466, 0.36633, 0.265602, 0.182277, 0.163475, 0.172272, 0.226796, 0.233281, 0.270224, 0.410981, 1.03884]
frac_err_mcstat = [0.137023, 0.104773, 0.075345, 0.0502652, 0.0436998, 0.04508, 0.0623877, 0.0654043, 0.0749035, 0.117146, 0.30394]
frac_err_dirt = [0.010312, 0.0107994, 0.00894433, 0.00513448, 0.0033754, 0.00275014, 0.00310457, 0.00319144, 0.00362126, 0.00532022, 0.0138868]
frac_err_flux = [0.0807335, 0.0654005, 0.0474263, 0.0367432, 0.0323056, 0.0334193, 0.0450782, 0.051898, 0.0559653, 0.0822482, 0.183467]
frac_err_det = [0.137933, 0.104371, 0.0786456, 0.0539971, 0.0447052, 0.042691, 0.0659034, 0.0774666, 0.0952604, 0.172989, 0.498274]
frac_err_xs = [0.236696, 0.215762, 0.178313, 0.141516, 0.118722, 0.114817, 0.139506, 0.127935, 0.109924, 0.147837, 0.329159]
