frac_err_stat = [0.144704, 0.146288]
frac_err_mcstat = [0.0388956, 0.0393403]
frac_err_dirt = [0.00968179, 0.0095883]
frac_err_flux = [0.125393, 0.127486]
frac_err_det = [0.0917943, 0.0923315]
frac_err_xs = [0.120088, 0.122128]
frac_err_rw = [0.0525864, 0.0537111]
frac_err_rw_cor = [0.0858608, 0.087553]
