GENIE_y = [0.822011, 0.93058]
y = [0.696108, 0.777613]
yerr_stat = [0.10073, 0.113756]
yerr_tot = [0.185815, 0.210507]
yerr_sys = [0.156144, 0.177123]
chi2 = '2.55699'
chi2_ch1 = '0.459103'
chi2_ch2 = '0.528036'
