 Stat. Cov. (reco space) 
[[236.112, 0, 0, 0, 0, 0, 0, 0],
[0, 0, 0, 0, 0, 0, 0, 0],
[0, 0, 185.019, 0, 0, 0, 0, 0],
[0, 0, 0, 0.0309781, 0, 0, 0, 0],
[0, 0, 0, 0, 72.1442, 0, 0, 0],
[0, 0, 0, 0, 0, 0, 0, 0],
[0, 0, 0, 0, 0, 0, 54.771, 0],
[0, 0, 0, 0, 0, 0, 0, 0.0496231]]

 MC Stat. Cov. (reco space) 
[[16.1023, 0, 0, 0, 0, 0, 0, 0],
[0, 0.0290603, 0, 0, 0, 0, 0, 0],
[0, 0, 12.962, 0, 0, 0, 0, 0],
[0, 0, 0, 0.0249033, 0, 0, 0, 0],
[0, 0, 0, 0, 5.75807, 0, 0, 0],
[0, 0, 0, 0, 0, 0.0290603, 0, 0],
[0, 0, 0, 0, 0, 0, 4.2109, 0],
[0, 0, 0, 0, 0, 0, 0, 0.0266479]]

 Dirt Cov. (reco space) 
[[1.73015, 0, 0, 0, 0, 0, 0, 0],
[0, 0, 0, 0, 0, 0, 0, 0],
[0, 0, 0.261653, 0, 0, 0, 0, 0],
[0, 0, 0, 0, 0, 0, 0, 0],
[0, 0, 0, 0, 0.362773, 0, 0, 0],
[0, 0, 0, 0, 0, 0, 0, 0],
[0, 0, 0, 0, 0, 0, 0.0259988, 0],
[0, 0, 0, 0, 0, 0, 0, 0]]

 Flux Cov. (reco space) 
[[253.769, 0, 226.372, 0.100744, 81.7825, 0, 61.4187, 0.00125405],
[0, 0, 0, 0, 0, 0, 0, 0],
[226.372, 0, 224.942, 0.0861341, 73.8027, 0, 60.5466, 0.00952453],
[0.100744, 0, 0.0861341, 0.000228999, 0.0323873, 0, 0.0193057, -0.000113957],
[81.7825, 0, 73.8027, 0.0323873, 27.1095, 0, 20.4823, 0.00370406],
[0, 0, 0, 0, 0, 0, 0, 0],
[61.4187, 0, 60.5466, 0.0193057, 20.4823, 0, 16.9068, 0.0101427],
[0.00125405, 0, 0.00952453, -0.000113957, 0.00370406, 0, 0.0101427, 0.000307914]]

 Det. Cov. (reco space) 
[[619.024, 0, -399.499, 1.04942, 174.792, 0, -146.44, 2.57319],
[0, 0, 0, 0, 0, 0, 0, 0],
[-399.499, 0, 380.113, -1.158, -127.733, 0, 107.224, -2.29481],
[1.04942, 0, -1.158, 0.0856014, 0.489554, 0, -0.620205, 0.0128316],
[174.792, 0, -127.733, 0.489554, 90.173, 0, -55.6219, 1.12986],
[0, 0, 0, 0, 0, 0, 0, 0],
[-146.44, 0, 107.224, -0.620205, -55.6219, 0, 78.0865, -0.931868],
[2.57319, 0, -2.29481, 0.0128316, 1.12986, 0, -0.931868, 0.100133]]

 XSec. Cov. (reco space) 
[[344.849, 0, 278.018, 0.503669, 144.904, 0, 105.421, -0.00470843],
[0, 0, 0, 0, 0, 0, 0, 0],
[278.018, 0, 288.506, 0.56653, 127.477, 0, 102.169, 0.0124803],
[0.503669, 0, 0.56653, 0.00385986, 0.284485, 0, 0.256988, -5.46286e-05],
[144.904, 0, 127.477, 0.284485, 67.9432, 0, 50.8496, -0.00510145],
[0, 0, 0, 0, 0, 0, 0, 0],
[105.421, 0, 102.169, 0.256988, 50.8496, 0, 42.0838, 0.00636984],
[-0.00470843, 0, 0.0124803, -5.46286e-05, -0.00510145, 0, 0.00636984, 0.000104108]]

 RW Cov. (reco space) 
[[41.7072, 0, 20.6304, 0.00654738, 10.4377, 0, 6.4542, 0.00789479],
[0, 0, 0, 0, 0, 0, 0, 0],
[20.6304, 0, 44.7227, 0.00574115, 4.57112, 0, 7.44787, 0.00692264],
[0.00654738, 0, 0.00574115, 1.85787e-06, 0.00187661, 0, 0.00149559, 2.24021e-06],
[10.4377, 0, 4.57112, 0.00187661, 2.92827, 0, 1.72099, 0.0022628],
[0, 0, 0, 0, 0, 0, 0, 0],
[6.4542, 0, 7.44787, 0.00149559, 1.72099, 0, 1.83269, 0.00180337],
[0.00789479, 0, 0.00692264, 2.24021e-06, 0.0022628, 0, 0.00180337, 2.70123e-06]]

 RW corr Cov. (reco space) 
[[75.6623, 0, 85.8965, 0.00654738, 17.7646, 0, 19.2565, 0.00789479],
[0, 0, 0, 0, 0, 0, 0, 0],
[85.8965, 0, 100.022, 0.00574115, 19.776, 0, 22.1982, 0.00692264],
[0.00654738, 0, 0.00574115, 1.85787e-06, 0.00187661, 0, 0.00149559, 2.24021e-06],
[17.7646, 0, 19.776, 0.00187661, 4.26983, 0, 4.49705, 0.0022628],
[0, 0, 0, 0, 0, 0, 0, 0],
[19.2565, 0, 22.1982, 0.00149559, 4.49705, 0, 4.96771, 0.00180337],
[0.00789479, 0, 0.00692264, 2.24021e-06, 0.0022628, 0, 0.00180337, 2.70123e-06]]

 Tot. Cov. (reco space) 
[[1588.96, 0, 211.419, 1.66693, 429.681, 0, 46.1106, 2.58553],
[0, 0.0290603, 0, 0, 0, 0, 0, 0],
[211.419, 0, 1236.55, -0.493849, 97.8931, 0, 299.585, -2.25896],
[1.66693, 0, -0.493849, 0.145575, 0.81018, 0, -0.34092, 0.0126675],
[429.681, 0, 97.8931, 0.81018, 270.689, 0, 21.928, 1.13298],
[0, 0, 0, 0, 0, 0.0290603, 0, 0],
[46.1106, 0, 299.585, -0.34092, 21.928, 0, 202.886, -0.911748],
[2.58553, 0, -2.25896, 0.0126675, 1.13298, 0, -0.911748, 0.176821]]

-------------------------------------------------------------------------------

 Stat. Cov. (unfolded space) 
[[1.01464e-06, 1.1452e-06],
[1.1452e-06, 1.29404e-06]]

 MC Stat. Cov. (unfolded space) 
[[7.33086e-08, 8.27693e-08],
[8.27693e-08, 9.35842e-08]]

 Dirt Cov. (unfolded space) 
[[4.54218e-09, 5.0237e-09],
[5.0237e-09, 5.55917e-09]]

 Flux Cov. (unfolded space) 
[[7.61908e-07, 8.65298e-07],
[8.65298e-07, 9.82771e-07]]

 Det. Cov. (unfolded space) 
[[4.08305e-07, 4.57412e-07],
[4.57412e-07, 5.15499e-07]]

 XSec. Cov. (unfolded space) 
[[6.98794e-07, 7.93791e-07],
[7.93791e-07, 9.01896e-07]]

 RW Cov. (unfolded space) 
[[1.33998e-07, 1.52844e-07],
[1.52844e-07, 1.74444e-07]]

 RW corr Cov. (unfolded space) 
[[3.57226e-07, 4.06915e-07],
[4.06915e-07, 4.63521e-07]]

 Tot. Cov. (unfolded space) 
[[3.45272e-06, 3.90925e-06],
[3.90925e-06, 4.43131e-06]]

