frac_err_stat = [0.0826028, 0.0793332, 0.076259, 0.0676712, 0.0646384, 0.0918816, 0.133209, 0.175643, 0.147087, 0.134138, 0.11849, 0.121884, 0.131131, 0.133575, 0.207633, 0.274116]
frac_err_mcstat = [0.0386479, 0.0367309, 0.0348064, 0.0304887, 0.0291765, 0.042001, 0.0618175, 0.082698, 0.0682524, 0.0620912, 0.0551262, 0.0561943, 0.0602262, 0.0615357, 0.0964625, 0.131508]
frac_err_dirt = [0.00762164, 0.00701778, 0.00618836, 0.00458997, 0.00351079, 0.0050221, 0.00902815, 0.013027, 0.00669828, 0.00696886, 0.00595889, 0.00524987, 0.00555052, 0.00743732, 0.01163, 0.0075002]
frac_err_flux = [0.0345388, 0.0302553, 0.0270696, 0.0274531, 0.0317757, 0.0389311, 0.0477645, 0.0557545, 0.0384479, 0.0285646, 0.0258411, 0.0271612, 0.0259727, 0.0256885, 0.0456422, 0.143661]
frac_err_det = [0.104622, 0.0961977, 0.0939433, 0.0910381, 0.0945851, 0.127452, 0.178125, 0.230494, 0.172804, 0.156861, 0.144611, 0.149076, 0.156818, 0.170971, 0.284, 0.390161]
frac_err_geant4 = [0.0176672, 0.0163867, 0.0155255, 0.015698, 0.0168122, 0.018266, 0.0197614, 0.0211019, 0.00741931, 0.0059903, 0.00499248, 0.00423568, 0.00394464, 0.00531283, 0.0113063, 0.019702]
frac_err_genie = [0.0991403, 0.0910125, 0.0859158, 0.0862024, 0.0905795, 0.0961423, 0.10416, 0.116784, 0.133653, 0.122318, 0.128121, 0.138124, 0.14049, 0.150525, 0.190796, 0.296022]
frac_err_rw = [0.0554734, 0.0515683, 0.0460391, 0.0417502, 0.045077, 0.0589693, 0.0753929, 0.0837119, 0.135253, 0.119099, 0.10533, 0.0954453, 0.0871444, 0.0912186, 0.123686, 0.142377]
frac_err_rw_cor = [0.0638764, 0.0541355, 0.0381252, 0.0180753, 0.0165029, 0.0520962, 0.0955984, 0.1208, 0.178007, 0.182454, 0.195959, 0.200408, 0.198006, 0.244311, 0.372217, 0.411833]
