x = [0.5, 1.5, 2.5, 3.5, 4.5, 5.5, 6.5, 7.5, 8.5, 9.5, 10.5, 11.5, 12.5, 13.5, 14.5, 15.5]
GENIE_y = [0.336786, 0.60039, 0.530986, 0.393505, 0.274787, 0.176421, 0.105524, 0.0398412, 0.221199, 0.387294, 0.328117, 0.236201, 0.175997, 0.119162, 0.0619994, 0.0137464]
y = [0.52629, 0.898626, 0.774968, 0.583054, 0.42543, 0.284005, 0.174522, 0.0691594, 0.324705, 0.547951, 0.462012, 0.344702, 0.258321, 0.148995, 0.0574131, 0.0129802]
yerr_stat = [0.043473, 0.0712909, 0.0590983, 0.039456, 0.0274991, 0.0260949, 0.0232479, 0.0121473, 0.0477599, 0.0735011, 0.0547438, 0.0420136, 0.0338739, 0.019902, 0.0119209, 0.00355809]
yerr_tot = [0.102339, 0.160759, 0.129257, 0.0909241, 0.06832, 0.0594105, 0.0498902, 0.0249146, 0.115065, 0.181561, 0.149444, 0.113998, 0.08671, 0.0561992, 0.0327641, 0.00956714]
yerr_sys = [0.0926461, 0.144087, 0.114956, 0.0819172, 0.0625414, 0.0533729, 0.0441426, 0.0217526, 0.104684, 0.166018, 0.139056, 0.105974, 0.0798197, 0.0525572, 0.0305185, 0.00888089]
chi2 = '9.69907'
chi2_ch1 = '6.22696'
chi2_ch2 = '4.03445'
