x = [0.5, 1.5, 2.5, 3.5, 4.5, 5.5, 6.5, 7.5, 8.5, 9.5, 10.5, 11.5, 12.5, 13.5, 14.5, 15.5, 16.5, 17.5]
GENIE_y = [0.0377579, 0.0479669, 0.0617387, 0.0839732, 0.117914, 0.158775, 0.197936, 0.252432, 0.322658, 0.0760055, 0.0891757, 0.107392, 0.131841, 0.170374, 0.208893, 0.243573, 0.281259, 0.316737]
y = [0.0633931, 0.0779959, 0.0950449, 0.122349, 0.165179, 0.217415, 0.266922, 0.336135, 0.426371, 0.0431692, 0.0501754, 0.0583294, 0.0700977, 0.0893098, 0.109911, 0.129685, 0.149718, 0.167558]
yerr_stat = [0.0106858, 0.011783, 0.0116949, 0.0113097, 0.0118594, 0.0154, 0.0211964, 0.0292405, 0.0389408, 0.00840311, 0.00886047, 0.00916514, 0.0101851, 0.0130174, 0.0168402, 0.0209294, 0.0252649, 0.0290439]
yerr_tot = [0.0188281, 0.020948, 0.021316, 0.0217949, 0.0243835, 0.0311994, 0.0412188, 0.0559672, 0.0742056, 0.0176996, 0.0193038, 0.0215308, 0.02557, 0.0333028, 0.0420905, 0.0506174, 0.0597235, 0.067967]
yerr_sys = [0.0155019, 0.01732, 0.0178214, 0.0186308, 0.0213051, 0.0271338, 0.0353512, 0.0477212, 0.0631671, 0.0155777, 0.0171501, 0.0194827, 0.0234539, 0.0306532, 0.0385748, 0.0460877, 0.0541163, 0.0614488]
chi2 = '26.0293'
chi2_ch1 = '15.5834'
chi2_ch2 = '12.7686'
chi2 = [chi2_ch1,chi2_ch2]
