frac_err_stat = [0.168565, 0.151072, 0.123046, 0.092438, 0.0717973, 0.0708323, 0.0794106, 0.0869906, 0.0913307, 0.194655, 0.17659, 0.157127, 0.145299, 0.145755, 0.153216, 0.161386, 0.16875, 0.173337]
frac_err_mcstat = [0.0814753, 0.073343, 0.0602476, 0.0457025, 0.0352625, 0.0336735, 0.0369973, 0.0402625, 0.0421879, 0.0935623, 0.0853058, 0.0772605, 0.0719024, 0.0716078, 0.074581, 0.0779499, 0.0811938, 0.0833064]
frac_err_dirt = [0.00842289, 0.00755371, 0.00623607, 0.00490982, 0.00417631, 0.0043228, 0.00475269, 0.00513647, 0.00539299, 0.00559081, 0.00526691, 0.00502015, 0.00509184, 0.00512791, 0.0053265, 0.00551848, 0.00564864, 0.00572377]
frac_err_flux = [0.0424185, 0.0424997, 0.0435015, 0.0455736, 0.0478473, 0.0497412, 0.0515235, 0.0532798, 0.0544276, 0.115413, 0.11683, 0.121436, 0.124832, 0.128215, 0.129821, 0.13027, 0.132186, 0.134245]
frac_err_det = [0.173623, 0.156099, 0.129049, 0.100667, 0.0812294, 0.0779195, 0.0836256, 0.089735, 0.0934371, 0.178021, 0.164048, 0.153272, 0.148594, 0.151155, 0.158227, 0.164851, 0.171159, 0.175398]
frac_err_geant4 = [0.0419376, 0.0412847, 0.0403289, 0.0390755, 0.0374734, 0.0361075, 0.0356262, 0.0357892, 0.0360096, 0.0535953, 0.0491779, 0.0478856, 0.0457676, 0.0427375, 0.0404244, 0.0383604, 0.0372633, 0.0369833]
frac_err_genie = [0.108753, 0.0969921, 0.0785288, 0.060016, 0.0492621, 0.0507994, 0.0597266, 0.0692564, 0.0751057, 0.137778, 0.122331, 0.116935, 0.121582, 0.131915, 0.141945, 0.14785, 0.152055, 0.154825]
frac_err_rw = [0.0612105, 0.0579556, 0.0526317, 0.0464791, 0.0408246, 0.036721, 0.0344947, 0.0336194, 0.0333908, 0.12649, 0.118119, 0.108595, 0.0987363, 0.0912928, 0.0841183, 0.0782225, 0.0753875, 0.074669]
frac_err_rw_cor = [0.0617424, 0.0568469, 0.0487877, 0.0396864, 0.0314678, 0.0253854, 0.0217892, 0.0202372, 0.0198573, 0.196372, 0.19398, 0.198925, 0.20607, 0.214008, 0.216418, 0.215856, 0.216944, 0.218676]
