GENIE_y = [2.0461]
y = [1.34903]
yerr_stat = [0.205672]
yerr_tot = [0.372615]
yerr_sys = [0.310711]
