 Stat. Cov. (reco space) 
[[242.859, 0, 0, 0, 0, 0, 0, 0],
[0, 1.811, 0, 0, 0, 0, 0, 0],
[0, 0, 201.335, 0, 0, 0, 0, 0],
[0, 0, 0, 3.63379, 0, 0, 0, 0],
[0, 0, 0, 0, 71.9294, 0, 0, 0],
[0, 0, 0, 0, 0, 1.31629, 0, 0],
[0, 0, 0, 0, 0, 0, 57.6089, 0],
[0, 0, 0, 0, 0, 0, 0, 0.409522]]

 MC Stat. Cov. (reco space) 
[[15.5857, 0, 0, 0, 0, 0, 0, 0],
[0, 0.40744, 0, 0, 0, 0, 0, 0],
[0, 0, 15.1962, 0, 0, 0, 0, 0],
[0, 0, 0, 0.250274, 0, 0, 0, 0],
[0, 0, 0, 0, 5.61357, 0, 0, 0],
[0, 0, 0, 0, 0, 0.105194, 0, 0],
[0, 0, 0, 0, 0, 0, 4.41502, 0],
[0, 0, 0, 0, 0, 0, 0, 0.0896183]]

 Dirt Cov. (reco space) 
[[1.73015, 0, 0, 0, 0, 0, 0, 0],
[0, 0, 0, 0, 0, 0, 0, 0],
[0, 0, 0.239902, 0, 0, 0, 0, 0],
[0, 0, 0, 0.00048861, 0, 0, 0, 0],
[0, 0, 0, 0, 0.362773, 0, 0, 0],
[0, 0, 0, 0, 0, 0, 0, 0],
[0, 0, 0, 0, 0, 0, 0.0259988, 0],
[0, 0, 0, 0, 0, 0, 0, 0]]

 Flux Cov. (reco space) 
[[289.814, 2.6096, 278.624, 3.43109, 88.978, 1.5223, 70.4047, 0.806469],
[2.6096, 0.0342404, 2.68854, 0.0368577, 0.776126, 0.0156601, 0.643197, 0.0110118],
[278.624, 2.68854, 303.506, 3.43187, 87.3024, 1.50451, 76.2693, 0.878324],
[3.43109, 0.0368577, 3.43187, 0.0517993, 1.03118, 0.0197616, 0.835684, 0.0126015],
[88.978, 0.776126, 87.3024, 1.03118, 28.1808, 0.4674, 22.6524, 0.227735],
[1.5223, 0.0156601, 1.50451, 0.0197616, 0.4674, 0.00995061, 0.368907, 0.00530594],
[70.4047, 0.643197, 76.2693, 0.835684, 22.6524, 0.368907, 19.876, 0.199549],
[0.806469, 0.0110118, 0.878324, 0.0126015, 0.227735, 0.00530594, 0.199549, 0.00498908]]

 Det. Cov. (reco space) 
[[671.367, -2.6633, -470.582, -16.6035, 189.406, -4.6921, -152.857, 1.87119],
[-2.6633, 2.16844, -2.0874, 0.182331, -1.78902, 0.200342, 0.0868788, -0.0556129],
[-470.582, -2.0874, 481.738, 16.1374, -152.083, 2.4122, 124.314, -2.53982],
[-16.6035, 0.182331, 16.1374, 3.20028, -7.57216, 0.246387, 5.65602, -0.474777],
[189.406, -1.78902, -152.083, -7.57216, 97.1042, -2.64232, -59.3543, 1.14181],
[-4.6921, 0.200342, 2.4122, 0.246387, -2.64232, 1.14182, 2.47229, -0.0245414],
[-152.857, 0.0868788, 124.314, 5.65602, -59.3543, 2.47229, 80.338, -0.415849],
[1.87119, -0.0556129, -2.53982, -0.474777, 1.14181, -0.0245414, -0.415849, 0.980711]]

 XSec. Cov. (reco space) 
[[335.309, 2.88862, 268.878, 4.71177, 136.327, 1.94063, 103.804, 0.496938],
[2.88862, 0.127501, 0.10215, 0.028067, 0.770587, 0.0243568, 0.426653, 0.000996694],
[268.878, 0.10215, 383.487, 4.67511, 136.044, 1.22242, 116.865, 0.932977],
[4.71177, 0.028067, 4.67511, 0.128477, 2.12783, 0.0394197, 1.75004, 0.0135425],
[136.327, 0.770587, 136.044, 2.12783, 65.6998, 0.835849, 51.8359, 0.366144],
[1.94063, 0.0243568, 1.22242, 0.0394197, 0.835849, 0.0295363, 0.576434, 0.00705842],
[103.804, 0.426653, 116.865, 1.75004, 51.8359, 0.576434, 45.049, 0.331091],
[0.496938, 0.000996694, 0.932977, 0.0135425, 0.366144, 0.00705842, 0.331091, 0.0232596]]

 Tot. Cov. (reco space) 
[[1556.66, 2.83492, 76.9204, -8.46061, 414.711, -1.22917, 21.3517, 3.17459],
[2.83492, 4.54863, 0.703291, 0.247256, -0.242304, 0.240359, 1.15673, -0.0436045],
[76.9204, 0.703291, 1385.5, 24.2443, 71.2635, 5.13912, 317.448, -0.728515],
[-8.46061, 0.247256, 24.2443, 7.2651, -4.41315, 0.305568, 8.24174, -0.448633],
[414.711, -0.242304, 71.2635, -4.41315, 268.891, -1.33907, 15.134, 1.73569],
[-1.22917, 0.240359, 5.13912, 0.305568, -1.33907, 2.60278, 3.41763, -0.0121771],
[21.3517, 1.15673, 317.448, 8.24174, 15.134, 3.41763, 207.313, 0.114791],
[3.17459, -0.0436045, -0.728515, -0.448633, 1.73569, -0.0121771, 0.114791, 1.5081]]

-------------------------------------------------------------------------------

 Stat. Cov. (unfolded space) 
[[4.23008e-06]]

 MC Stat. Cov. (unfolded space) 
[[3.07205e-07]]

 Dirt Cov. (unfolded space) 
[[1.69463e-08]]

 Flux Cov. (unfolded space) 
[[4.23121e-06]]

 Det. Cov. (unfolded space) 
[[1.73761e-06]]

 XSec. Cov. (unfolded space) 
[[3.36114e-06]]

 Tot. Cov. (unfolded space) 
[[1.38842e-05]]

