frac_err_stat = [0.281666, 0.269642, 0.249078, 0.222943, 0.195053, 0.169695, 0.150695, 0.141998, 0.143047, 0.150605, 0.160757, 0.171221, 0.181012, 0.189819, 0.197448, 0.203756, 0.208294, 0.210774]
frac_err_mcstat = [0.0801325, 0.0766606, 0.0707802, 0.0633926, 0.0555229, 0.0482826, 0.0426591, 0.0398027, 0.039588, 0.041233, 0.0436844, 0.0463191, 0.0488707, 0.0512445, 0.0533605, 0.0551478, 0.0564503, 0.0571658]
frac_err_dirt = [0.0044993, 0.0042974, 0.00401121, 0.0037217, 0.00340889, 0.00302754, 0.00264763, 0.00240595, 0.00235806, 0.00244432, 0.00258209, 0.0027245, 0.00285696, 0.00298148, 0.0030968, 0.00319963, 0.00327678, 0.00332037]
frac_err_flux = [0.0415606, 0.041815, 0.0422317, 0.0426111, 0.0428312, 0.0428375, 0.0426369, 0.0423441, 0.0420862, 0.0419748, 0.0420462, 0.0422906, 0.0426497, 0.0430896, 0.0435342, 0.0439401, 0.0442317, 0.0444035]
frac_err_det = [0.0832961, 0.0797705, 0.0735542, 0.0657484, 0.0576979, 0.050702, 0.0456398, 0.0431906, 0.042963, 0.0442692, 0.0463183, 0.0486311, 0.0509438, 0.0531, 0.0549906, 0.05657, 0.0577096, 0.0583422]
frac_err_xs = [0.163836, 0.16185, 0.158385, 0.153766, 0.148606, 0.143514, 0.13869, 0.13447, 0.130903, 0.128197, 0.126275, 0.125022, 0.124283, 0.123994, 0.123995, 0.124205, 0.124414, 0.1246]
