GENIE_y = [0.127547, 0.139607, 0.160764, 0.179492, 0.199319, 0.228509, 0.267641, 0.293601, 0.340978, 0.385381, 0.430646, 0.479155, 0.527494, 0.57559, 0.61635, 0.717552, 0.757655, 0.826828]
y = [0.0853785, 0.0928165, 0.105687, 0.116931, 0.129359, 0.148471, 0.175198, 0.194199, 0.228314, 0.260432, 0.292559, 0.326047, 0.358556, 0.390003, 0.415901, 0.482033, 0.50725, 0.552321]
yerr_stat = [0.0240482, 0.0250272, 0.0263243, 0.026069, 0.0252317, 0.0251947, 0.0264014, 0.0275759, 0.0326598, 0.0392224, 0.0470309, 0.055826, 0.0649029, 0.0740301, 0.0821189, 0.0982173, 0.105657, 0.116415]
yerr_tot = [0.0297338, 0.0311882, 0.0333116, 0.0337927, 0.0338285, 0.0351781, 0.0382524, 0.0405007, 0.0472274, 0.0549654, 0.0638398, 0.0738146, 0.084106, 0.094504, 0.103673, 0.123014, 0.131641, 0.144667]
yerr_sys = [0.0174868, 0.0186102, 0.020413, 0.0215024, 0.0225328, 0.0245505, 0.0276805, 0.0296627, 0.034114, 0.0385071, 0.0431697, 0.0482913, 0.0534923, 0.0587414, 0.0632811, 0.074066, 0.0785224, 0.0858847]
chi2 = '15.2688'
