frac_err_stat = [0.217675, 0.121331, 0.179567, 0.157858, 0.188909, 0.346142, 0.175281, 0.328707, -0.46458, 0.321525]
frac_err_mcstat = [0.104667, 0.0577705, 0.0891702, 0.0787997, 0.0941181, 0.167945, 0.0803422, 0.157839, -0.229951, 0.15871]
frac_err_dirt = [0.00642779, 0.00406543, 0.00433969, 0.00705088, 0.00630187, 0.0154216, 0.00794124, 0.0149857, -0.0218025, 0.0157157]
frac_err_flux = [0.098361, 0.0450694, 0.082684, 0.0781761, 0.0785244, 0.115908, 0.0424914, 0.0720155, -0.0574573, 0.0651053]
frac_err_det = [0.2175, 0.111408, 0.164602, 0.151708, 0.169214, 0.365855, 0.164671, 0.38088, -0.569545, 0.395315]
frac_err_geant4 = [0.0391348, 0.0134577, 0.0276557, 0.0090288, 0.0312914, 0.0120815, 0.0210957, 0.0382843, -0.0488074, 0.0378094]
frac_err_genie = [0.11886, 0.0632263, 0.0928796, 0.103851, 0.0993735, 0.159807, 0.0598535, 0.232107, -0.380329, 0.274541]
frac_err_rw = [0.0787816, 0.0424508, 0.0678554, 0.0477734, 0.0518779, 0.0712586, 0.0252735, 0.0555741, -0.0717064, 0.0524059]
frac_err_rw_cor = [0.0357809, 0.0193859, 0.0373057, 0.0319491, 0.0328469, 0.0436256, 0.0203284, 0.0270728, -0.0182192, 0.0192025]
