x = [0.5, 1.5, 2.5, 3.5, 4.5, 5.5, 6.5, 7.5, 8.5, 9.5]
GENIE_y = [0.113244, 0.139518, 0.177156, 0.220884, 0.290704, 0.37215, 0.461412, 0.554029, 0.672438, 0.825742]
y = [0.0887266, 0.191382, 0.143011, 0.206631, 0.24383, 0.224058, 0.745484, 1.19726, -3.2006, 4.29294]
yerr_stat = [0.0193136, 0.0232207, 0.0256801, 0.0326183, 0.0460615, 0.0775561, 0.13067, 0.393549, 1.48694, 1.38029]
yerr_tot = [0.0330209, 0.0377343, 0.0427917, 0.0563896, 0.0747601, 0.128362, 0.19898, 0.700784, 2.77065, 2.60863]
yerr_sys = [0.0267836, 0.0297435, 0.0342296, 0.0459982, 0.0588847, 0.102283, 0.150062, 0.579843, 2.33785, 2.21353]
chi2 = '10.9044'
