frac_err_stat = [0.30708, 0.292736, 0.267403, 0.234559, 0.199369, 0.16743, 0.143803, 0.133569, 0.136393, 0.147374, 0.16113, 0.174721, 0.187085, 0.197983, 0.207305, 0.214888, 0.22027, 0.223221]
frac_err_mcstat = [0.0868716, 0.0827414, 0.0755222, 0.0662671, 0.0563692, 0.0472705, 0.0402588, 0.0367921, 0.0368906, 0.0393817, 0.042796, 0.0462949, 0.0495727, 0.0525455, 0.0551535, 0.0573141, 0.0588675, 0.0597206]
frac_err_add = [0.00475736, 0.00450901, 0.00414983, 0.00377666, 0.0033734, 0.00289206, 0.00241887, 0.00213084, 0.00211655, 0.00228418, 0.00250916, 0.00272558, 0.00291794, 0.00309098, 0.00324768, 0.00338359, 0.00348394, 0.00354058]
frac_err_flux = [0.0816065, 0.0813056, 0.0805909, 0.0793148, 0.0776984, 0.0760639, 0.074441, 0.0728947, 0.0713871, 0.0700869, 0.0690058, 0.0681503, 0.0675131, 0.067099, 0.0668711, 0.0667818, 0.0667525, 0.0667777]
frac_err_det = [0.086908, 0.0822039, 0.0737389, 0.0631752, 0.0525934, 0.0438165, 0.0380138, 0.0360255, 0.0371444, 0.0401273, 0.0438266, 0.0476355, 0.0512818, 0.0546053, 0.0574779, 0.0598051, 0.0614555, 0.0623623]
frac_err_xs = [0.239612, 0.236604, 0.230872, 0.222828, 0.213864, 0.205416, 0.197747, 0.190981, 0.184787, 0.179472, 0.17496, 0.171225, 0.168261, 0.166095, 0.164635, 0.163771, 0.16328, 0.163151]
