GENIE_y = [0.125609, 0.137088, 0.157499, 0.177491, 0.199503, 0.229962, 0.269256, 0.29856, 0.34572, 0.39081, 0.43677, 0.485316, 0.533423, 0.580711, 0.621069, 0.708119, 0.744388, 0.800879]
y = [0.0856728, 0.0924451, 0.104356, 0.116007, 0.129375, 0.148564, 0.174616, 0.195228, 0.228941, 0.261491, 0.294273, 0.328085, 0.360748, 0.391851, 0.417646, 0.474232, 0.496988, 0.53347]
yerr_stat = [0.0255411, 0.0260789, 0.0267551, 0.0261672, 0.0251817, 0.0249623, 0.0261502, 0.0281675, 0.0340786, 0.0414203, 0.0496085, 0.0583289, 0.0670513, 0.0756778, 0.0833731, 0.0973562, 0.10413, 0.113066]
yerr_tot = [0.0311698, 0.0321281, 0.0335492, 0.0337199, 0.0337105, 0.0349877, 0.038116, 0.0413225, 0.0487754, 0.0572599, 0.066537, 0.0764614, 0.0864119, 0.0962909, 0.105052, 0.12178, 0.129606, 0.140373]
yerr_sys = [0.0178664, 0.0187645, 0.0202413, 0.0212676, 0.0224116, 0.0245158, 0.0277307, 0.0302348, 0.0348953, 0.0395356, 0.0443414, 0.0494377, 0.0545081, 0.0595383, 0.063913, 0.073159, 0.0771657, 0.0831909]
chi2 = '15.2688'
