frac_err_stat = [0.298124, 0.282101, 0.256383, 0.225566, 0.194641, 0.168024, 0.149759, 0.14428, 0.148853, 0.1584, 0.16858, 0.177786, 0.185868, 0.193129, 0.199626, 0.205292, 0.209523, 0.211945]
frac_err_mcstat = [0.0848397, 0.0801587, 0.0727279, 0.0639924, 0.055308, 0.0477826, 0.0424408, 0.0405689, 0.0413559, 0.0435321, 0.04595, 0.0481986, 0.0502574, 0.0521999, 0.0540083, 0.0556253, 0.0568482, 0.0575503]
frac_err_dirt = [0.00467342, 0.00439359, 0.00405315, 0.00378436, 0.00350192, 0.00308485, 0.00264597, 0.0024005, 0.00239518, 0.00251485, 0.00265584, 0.00278143, 0.00289311, 0.00300342, 0.00311318, 0.00321743, 0.00329789, 0.00334508]
frac_err_flux = [0.0414137, 0.0417634, 0.0422925, 0.0427127, 0.0429403, 0.0429521, 0.0427297, 0.0423873, 0.0420614, 0.0418899, 0.0419181, 0.0421464, 0.0425148, 0.0429941, 0.0434924, 0.0439569, 0.04429, 0.0444941]
frac_err_det = [0.0881717, 0.0833891, 0.0753842, 0.0659943, 0.0570286, 0.0498023, 0.0451201, 0.043596, 0.044247, 0.0460333, 0.0480986, 0.0501239, 0.0520383, 0.0538292, 0.0554488, 0.0568812, 0.0579534, 0.058582]
frac_err_xs = [0.163649, 0.161426, 0.157621, 0.152713, 0.147788, 0.143573, 0.139824, 0.136513, 0.133376, 0.130706, 0.128514, 0.126833, 0.125622, 0.124925, 0.124603, 0.124605, 0.124679, 0.124834]
