frac_err_stat = [0.0345076, 0.0173482, 0.0126544, 0.0136533, 0.016649, 0.0192478, 0.0176897, 0.0211362, 0.0182042, 0.0234709, 0.0402139]
frac_err_mcstat = [0.0243715, 0.0117077, 0.00849113, 0.00972821, 0.0123278, 0.0141992, 0.0137015, 0.0162782, 0.0135328, 0.0175254, 0.030067]
frac_err_dirt = [0.00349618, 0.00140901, 0.00141562, 0.00144381, 0.00170017, 0.00195105, 0.00150032, 0.00182425, 0.00173641, 0.00237948, 0.00414081]
frac_err_flux = [0.083194, 0.0571048, 0.049286, 0.0465277, 0.0484825, 0.0512718, 0.0521368, 0.054979, 0.0635381, 0.082029, 0.137752]
frac_err_det = [0.0657467, 0.0287063, 0.0191649, 0.0217126, 0.0258098, 0.0288617, 0.0276824, 0.0323897, 0.0286659, 0.0388309, 0.0685126]
frac_err_xs = [0.0616455, 0.028837, 0.0238826, 0.0226625, 0.0232173, 0.0238974, 0.0235315, 0.0242046, 0.026489, 0.0303126, 0.0467251]
frac_err_rw = [0.0278556, 0.0214925, 0.0204683, 0.0201053, 0.0205247, 0.0210479, 0.0210833, 0.0207186, 0.0201264, 0.0202794, 0.023971]
frac_err_rw_cor = [0.0276756, 0.0215304, 0.0204783, 0.0201389, 0.0205312, 0.0210536, 0.0210959, 0.0207259, 0.0201181, 0.0202636, 0.0239922]
