GENIE_y = [0.217735, 0.35448, 0.418006, 0.385057, 0.345554, 0.306927, 0.269041, 0.232396, 0.183119, 0.100661, 0.0190034]
y = [0.215507, 0.421697, 0.509773, 0.477527, 0.414215, 0.354832, 0.314064, 0.277036, 0.219894, 0.118401, 0.022195]
yerr_stat = [0.00743663, 0.00731568, 0.00645087, 0.00651984, 0.00689627, 0.00682975, 0.00555569, 0.00585548, 0.00400298, 0.00277899, 0.000892548]
yerr_tot = [0.0292192, 0.0334236, 0.0339653, 0.0311045, 0.028789, 0.0263032, 0.0231445, 0.0218692, 0.0182496, 0.012328, 0.00381479]
yerr_sys = [0.028257, 0.0326131, 0.0333471, 0.0304136, 0.0279508, 0.0254011, 0.0224678, 0.0210707, 0.0178052, 0.0120107, 0.00370891]
chi2 = '20.04'
