frac_err_stat = [0.0872972, 0.0787798, 0.0660775, 0.0543091, 0.0501595, 0.0532524, 0.0575935, 0.0614562, 0.0652115, 0.0677093]
frac_err_mcstat = [0.0426137, 0.0386264, 0.0327359, 0.027169, 0.0249062, 0.025929, 0.0276527, 0.0293524, 0.0311136, 0.0323036]
frac_err_dirt = [0.00365235, 0.0034357, 0.00314001, 0.00285863, 0.0027979, 0.00292915, 0.00303305, 0.00310965, 0.00321663, 0.00330475]
frac_err_flux = [0.015934, 0.0144473, 0.0127445, 0.0116267, 0.0116596, 0.0130917, 0.0155165, 0.0183418, 0.020757, 0.0221343]
frac_err_det = [0.0874618, 0.0801375, 0.0700703, 0.0605023, 0.055615, 0.0559307, 0.0580518, 0.0609358, 0.0643139, 0.0666634]
frac_err_geant4 = [0.00507878, 0.00512444, 0.00512819, 0.00538882, 0.00599947, 0.00656599, 0.00698733, 0.00724668, 0.00742294, 0.0075196]
frac_err_genie = [0.0768282, 0.0742213, 0.0722094, 0.0717393, 0.0736644, 0.077369, 0.0817906, 0.0868651, 0.0915797, 0.094398]
frac_err_rw = [0.0437785, 0.0413354, 0.0374787, 0.0332868, 0.0305611, 0.030019, 0.0309364, 0.0324925, 0.0339266, 0.0347595]
frac_err_rw_cor = [0.0490413, 0.0456206, 0.0395724, 0.0312112, 0.0225108, 0.0154288, 0.0106462, 0.00795563, 0.00686255, 0.00659853]
