frac_err_stat = [0.261263, 0.252537, 0.23684, 0.216154, 0.193061, 0.170891, 0.152947, 0.142548, 0.140424, 0.14513, 0.153798, 0.164047, 0.17438, 0.183954, 0.192248, 0.198948, 0.203664, 0.20616]
frac_err_mcstat = [0.074375, 0.0718782, 0.0674196, 0.0615798, 0.0550415, 0.048674, 0.04334, 0.0399961, 0.0388924, 0.0397363, 0.0417737, 0.044349, 0.0470415, 0.0496074, 0.0518811, 0.0537506, 0.0550823, 0.0557916]
frac_err_dirt = [0.0042507, 0.00411077, 0.00388442, 0.00361785, 0.00331917, 0.00298547, 0.00266483, 0.00243762, 0.00235355, 0.0023954, 0.00250966, 0.00265045, 0.0027923, 0.00292622, 0.00304613, 0.00314792, 0.0032221, 0.00326251]
frac_err_flux = [0.0416962, 0.0418621, 0.0421457, 0.0424403, 0.0426424, 0.0426841, 0.042566, 0.0423703, 0.0421961, 0.0421342, 0.042222, 0.0424516, 0.0427741, 0.0431536, 0.0435282, 0.0438621, 0.0441017, 0.0442377]
frac_err_det = [0.0774136, 0.074885, 0.0702605, 0.0642028, 0.0575777, 0.0513878, 0.0464603, 0.0434778, 0.0424567, 0.0430805, 0.0447635, 0.0469991, 0.0494131, 0.0517335, 0.0537751, 0.0554395, 0.0566155, 0.0572439]
frac_err_xs = [0.162451, 0.160815, 0.157848, 0.153821, 0.149067, 0.143993, 0.138942, 0.134364, 0.130482, 0.127524, 0.125461, 0.124163, 0.123446, 0.123182, 0.1232, 0.12339, 0.123584, 0.123735]
