GENIE_y = [0.129218, 0.142186, 0.164645, 0.182543, 0.20045, 0.228517, 0.267464, 0.289766, 0.336967, 0.380166, 0.42416, 0.472029, 0.520012, 0.568367, 0.609061, 0.724047, 0.76779, 0.85003]
y = [0.0852627, 0.0934865, 0.107607, 0.118695, 0.130161, 0.148852, 0.175654, 0.192321, 0.226252, 0.257564, 0.288917, 0.322143, 0.354658, 0.386672, 0.412984, 0.489213, 0.517351, 0.571782]
yerr_stat = [0.022276, 0.0236087, 0.0254855, 0.0256564, 0.0251291, 0.0254375, 0.0268658, 0.0274149, 0.0317711, 0.0373803, 0.0444348, 0.0528466, 0.0618453, 0.0711297, 0.0793954, 0.0973278, 0.105366, 0.117879]
yerr_tot = [0.0280111, 0.0298835, 0.0326887, 0.0335955, 0.0338589, 0.0354688, 0.0387052, 0.0401876, 0.0462825, 0.0531239, 0.0612423, 0.0708075, 0.0809827, 0.0915203, 0.100843, 0.122501, 0.131845, 0.147082]
yerr_sys = [0.0169824, 0.0183207, 0.0204705, 0.0216888, 0.0226926, 0.0247178, 0.0278626, 0.0293848, 0.0336551, 0.0377473, 0.0421446, 0.047127, 0.0522816, 0.0575893, 0.062175, 0.0743888, 0.0792541, 0.0879644]
chi2 = '15.2691'
