frac_err_stat = [0.249243, 0.226755, 0.19638, 0.172669, 0.159262, 0.165996, 0.208485, 0.281256, 0.381443, 0.521515, 0.575731, 0.303355, 0.181546, 0.193713, 0.227302, 0.250183, 0.284735, 0.354778, 0.404545, 0.399228, 0.482183, 0.749412]
frac_err_mcstat = [0.0698936, 0.0634034, 0.0544188, 0.0471242, 0.0428333, 0.0443202, 0.0563316, 0.0775142, 0.107118, 0.150736, 0.171436, 0.0883031, 0.0501284, 0.0535602, 0.0625373, 0.0679433, 0.0777394, 0.102143, 0.125053, 0.128298, 0.157806, 0.244848]
frac_err_dirt = [0.0102691, 0.00968224, 0.00853768, 0.00687117, 0.0048749, 0.00348345, 0.00353256, 0.00450239, 0.00591936, 0.00829674, 0.00996014, 0.00525593, 0.00383157, 0.00424391, 0.00451391, 0.00475723, 0.00550438, 0.00666046, 0.00563621, 0.00406071, 0.00666231, 0.0130412]
frac_err_flux = [0.0289697, 0.0284881, 0.0282067, 0.0291416, 0.0312335, 0.0345113, 0.0398253, 0.0475088, 0.062566, 0.0938999, 0.118104, 0.0797047, 0.056217, 0.0465272, 0.0443628, 0.0450892, 0.0501973, 0.0688165, 0.0880784, 0.0849533, 0.0846945, 0.11684]
frac_err_det = [0.0804292, 0.0717916, 0.0603702, 0.05313, 0.0540404, 0.0635034, 0.0834325, 0.111494, 0.154018, 0.227171, 0.254775, 0.113823, 0.0563982, 0.0686504, 0.0821816, 0.0883859, 0.100095, 0.131356, 0.161481, 0.157832, 0.189418, 0.319363]
frac_err_xs = [0.119053, 0.1147, 0.10875, 0.104566, 0.099011, 0.0908822, 0.0872952, 0.0949275, 0.123963, 0.184282, 0.22822, 0.166696, 0.148751, 0.154646, 0.165431, 0.170402, 0.17585, 0.211197, 0.223882, 0.177484, 0.16155, 0.221293]
