GENIE_y = [0.303826, 0.61889, 0.661248, 0.541424, 0.427232, 0.310881, 0.180255, 0.101825, 0.0604515, 0.034674, 0.019555, 0.149323, 0.395206, 0.486536, 0.465587, 0.407179, 0.350308, 0.254133, 0.140312, 0.0801666, 0.0450371, 0.0155728]
y = [0.290716, 0.598217, 0.648439, 0.535774, 0.441438, 0.358333, 0.239202, 0.15311, 0.0911416, 0.0400834, 0.0152819, 0.114963, 0.298676, 0.360343, 0.33852, 0.290247, 0.235862, 0.142932, 0.0760967, 0.0565948, 0.0400693, 0.0130483]
yerr_stat = [0.0724589, 0.135649, 0.12734, 0.0925117, 0.0703043, 0.0594818, 0.04987, 0.0430632, 0.0347653, 0.0209041, 0.00879828, 0.0348745, 0.0542235, 0.0698031, 0.0769463, 0.0726148, 0.0671579, 0.0507092, 0.0307845, 0.0225943, 0.0193208, 0.00977856]
yerr_tot = [0.086531, 0.163449, 0.155985, 0.115768, 0.0892992, 0.0743179, 0.059953, 0.0505109, 0.0407608, 0.0250048, 0.0107181, 0.0440692, 0.0755328, 0.0961546, 0.102503, 0.0945476, 0.0852403, 0.0643892, 0.0390461, 0.0276961, 0.0228991, 0.0115708]
yerr_sys = [0.0473004, 0.0911873, 0.0900867, 0.069597, 0.0550605, 0.0445541, 0.0332767, 0.026399, 0.0212796, 0.0137208, 0.00612103, 0.0269418, 0.0525835, 0.0661305, 0.0677213, 0.0605503, 0.0524949, 0.0396806, 0.0240189, 0.016018, 0.0122914, 0.00618572]
chi2 = '17.4085'
