x = [0.5, 1.5]
GENIE_y = [0.159185, 0.153811]
y = [0.188098, 0.175988]
yerr_stat = [0.00582134, 0.00552836]
yerr_tot = [0.0583228, 0.0568724]
yerr_sys = [0.0580315, 0.0566031]
chi2 = '0.96751'
chi2_ch1 = '0.245749'
chi2_ch2 = '0.152066'
