frac_err_stat = [0.0309485, 0.0314132]
frac_err_mcstat = [0.0149938, 0.0150537]
frac_err_dirt = [0.00758543, 0.00683174]
frac_err_flux = [0.148434, 0.155119]
frac_err_det = [0.0768333, 0.06687]
frac_err_geant4 = [0.0276642, 0.0260307]
frac_err_genie = [0.217659, 0.227307]
frac_err_rw = [0.0654901, 0.0697132]
frac_err_rw_cor = [0.120562, 0.132034]
