frac_err_stat = [0.280857, 0.23435, 0.176976, 0.140327, 0.143454, 0.163599, 0.181746, 0.193595]
frac_err_mcstat = [0.0771669, 0.0642314, 0.0486805, 0.0389001, 0.0391925, 0.04414, 0.0490389, 0.0523653]
frac_err_dirt = [0.00446924, 0.00384008, 0.00318048, 0.00263331, 0.002557, 0.00282355, 0.00309833, 0.00328401]
frac_err_flux = [0.0361684, 0.0369213, 0.0387225, 0.0408471, 0.0424263, 0.0439667, 0.0456427, 0.04683]
frac_err_det = [0.0836983, 0.0688789, 0.0512129, 0.040236, 0.0406552, 0.0460379, 0.051466, 0.0550898]
frac_err_xs = [0.136298, 0.13349, 0.13235, 0.13163, 0.126403, 0.120171, 0.11741, 0.117593]
