GENIE_y = [0.0933221, 0.11657, 0.160931, 0.226595, 0.312211, 0.433354, 0.58328, 0.754055]
y = [0.0995704, 0.117617, 0.147985, 0.192632, 0.257413, 0.3537, 0.471812, 0.603683]
yerr_stat = [0.027965, 0.0275636, 0.0261899, 0.0270316, 0.0369271, 0.0578652, 0.0857502, 0.11687]
yerr_tot = [0.0332848, 0.0338826, 0.0348125, 0.039396, 0.0524721, 0.0768553, 0.109602, 0.146991]
yerr_sys = [0.018051, 0.0197049, 0.0229347, 0.0286589, 0.0372789, 0.0505803, 0.0682604, 0.0891511]
chi2 = '5.76792'
