x = [0.5, 1.5, 2.5, 3.5, 4.5, 5.5, 6.5, 7.5, 8.5, 9.5]
GENIE_y = [0.114125, 0.135782, 0.171796, 0.219296, 0.287362, 0.366875, 0.452239, 0.536166, 0.623193, 0.709493]
y = [0.0997636, 0.118189, 0.148426, 0.190542, 0.252602, 0.325728, 0.403612, 0.478117, 0.554198, 0.629707]
yerr_stat = [0.0110218, 0.0115001, 0.0117826, 0.0124717, 0.0154566, 0.0208353, 0.0274455, 0.0341197, 0.0410708, 0.0477184]
yerr_tot = [0.0273773, 0.029063, 0.030619, 0.0325943, 0.0385103, 0.0486532, 0.0618036, 0.0759432, 0.091013, 0.105487]
yerr_sys = [0.0250606, 0.026691, 0.0282612, 0.0301139, 0.0352723, 0.0439662, 0.0553753, 0.067847, 0.0812191, 0.0940771]
chi2 = '10.3056'
