frac_err_stat = [0.11048, 0.0973025, 0.0793838, 0.0654541, 0.0611894, 0.0639652, 0.0679996, 0.0713627, 0.0741086, 0.0757787]
frac_err_mcstat = [0.0534687, 0.0475086, 0.0394289, 0.0329019, 0.0304313, 0.0311145, 0.032571, 0.0339347, 0.035124, 0.0358659]
frac_err_dirt = [0.00548074, 0.00480123, 0.00401827, 0.0035304, 0.00351949, 0.0037886, 0.00400732, 0.00415367, 0.00428262, 0.00436694]
frac_err_flux = [0.0658997, 0.0678513, 0.0711677, 0.0738536, 0.0759873, 0.0780189, 0.0801373, 0.0823598, 0.0841657, 0.0851728]
frac_err_det = [0.126035, 0.11256, 0.0945833, 0.0798725, 0.0728611, 0.0719497, 0.0733381, 0.0755084, 0.0777591, 0.0792375]
frac_err_geant4 = [0.0189894, 0.0173175, 0.0159963, 0.0158919, 0.0170966, 0.0187593, 0.0203614, 0.0216621, 0.0225564, 0.0230099]
frac_err_genie = [0.121819, 0.106568, 0.086168, 0.0693929, 0.0597096, 0.0559936, 0.0563422, 0.0593703, 0.0630204, 0.0653671]
frac_err_rw = [0.078277, 0.0720153, 0.0624221, 0.0522811, 0.0446955, 0.0404694, 0.0386702, 0.038155, 0.0380919, 0.0381247]
frac_err_rw_cor = [0.136592, 0.120845, 0.0953696, 0.0651725, 0.0402703, 0.0291201, 0.029357, 0.0321492, 0.034116, 0.0350092]
