frac_err_stat = [0.14266, 0.161691]
frac_err_mcstat = [0.0379339, 0.0438238]
frac_err_dirt = [0.0102653, 0.00930909]
frac_err_flux = [0.133274, 0.164688]
frac_err_det = [0.0983006, 0.108915]
frac_err_xs = [0.11883, 0.144255]
