 Stat. Cov. (reco space) 
[[242.859, 0, 0, 0, 0, 0, 0, 0],
[0, 1.811, 0, 0, 0, 0, 0, 0],
[0, 0, 201.335, 0, 0, 0, 0, 0],
[0, 0, 0, 3.63379, 0, 0, 0, 0],
[0, 0, 0, 0, 71.9294, 0, 0, 0],
[0, 0, 0, 0, 0, 1.31629, 0, 0],
[0, 0, 0, 0, 0, 0, 57.6089, 0],
[0, 0, 0, 0, 0, 0, 0, 0.409522]]

 MC Stat. Cov. (reco space) 
[[15.5857, 0, 0, 0, 0, 0, 0, 0],
[0, 0.40744, 0, 0, 0, 0, 0, 0],
[0, 0, 15.1962, 0, 0, 0, 0, 0],
[0, 0, 0, 0.250274, 0, 0, 0, 0],
[0, 0, 0, 0, 5.61357, 0, 0, 0],
[0, 0, 0, 0, 0, 0.105194, 0, 0],
[0, 0, 0, 0, 0, 0, 4.41502, 0],
[0, 0, 0, 0, 0, 0, 0, 0.0896183]]

 Dirt Cov. (reco space) 
[[1.73015, 0, 0, 0, 0, 0, 0, 0],
[0, 0, 0, 0, 0, 0, 0, 0],
[0, 0, 0.239902, 0, 0, 0, 0, 0],
[0, 0, 0, 0.00048861, 0, 0, 0, 0],
[0, 0, 0, 0, 0.362773, 0, 0, 0],
[0, 0, 0, 0, 0, 0, 0, 0],
[0, 0, 0, 0, 0, 0, 0.0259988, 0],
[0, 0, 0, 0, 0, 0, 0, 0]]

 Flux Cov. (reco space) 
[[289.814, 2.6096, 278.624, 3.43109, 88.978, 1.5223, 70.4047, 0.806469],
[2.6096, 0.0342404, 2.68854, 0.0368577, 0.776126, 0.0156601, 0.643197, 0.0110118],
[278.624, 2.68854, 303.506, 3.43187, 87.3024, 1.50451, 76.2693, 0.878324],
[3.43109, 0.0368577, 3.43187, 0.0517993, 1.03118, 0.0197616, 0.835684, 0.0126015],
[88.978, 0.776126, 87.3024, 1.03118, 28.1808, 0.4674, 22.6524, 0.227735],
[1.5223, 0.0156601, 1.50451, 0.0197616, 0.4674, 0.00995061, 0.368907, 0.00530594],
[70.4047, 0.643197, 76.2693, 0.835684, 22.6524, 0.368907, 19.876, 0.199549],
[0.806469, 0.0110118, 0.878324, 0.0126015, 0.227735, 0.00530594, 0.199549, 0.00498908]]

 Det. Cov. (reco space) 
[[674.309, -2.85673, -471.365, -16.6889, 189.049, -4.5566, -152.459, 1.89886],
[-2.85673, 2.19259, -1.8947, 0.194825, -1.8336, 0.19667, 0.0516728, -0.0462065],
[-471.365, -1.8947, 479.304, 15.9169, -150.93, 2.32283, 123.661, -2.45244],
[-16.6889, 0.194825, 15.9169, 3.21148, -7.51479, 0.227804, 5.58415, -0.480457],
[189.049, -1.8336, -150.93, -7.51479, 96.2792, -2.55466, -58.9586, 1.12373],
[-4.5566, 0.19667, 2.32283, 0.227804, -2.55466, 1.1524, 2.43088, -0.0168156],
[-152.459, 0.0516728, 123.661, 5.58415, -58.9586, 2.43088, 80.235, -0.448026],
[1.89886, -0.0462065, -2.45244, -0.480457, 1.12373, -0.0168156, -0.448026, 0.974517]]

 XSec. Cov. (reco space) 
[[366.15, 2.73937, 286.889, 4.85676, 147.94, 1.9166, 108.363, 0.484833],
[2.73937, 0.118831, 0.87964, 0.0325001, 0.856755, 0.0238124, 0.558093, 0.00102772],
[286.889, 0.87964, 301.729, 4.24213, 128.067, 1.24582, 102.958, 0.943215],
[4.85676, 0.0325001, 4.24213, 0.126446, 2.09799, 0.0394669, 1.6773, 0.0136267],
[147.94, 0.856755, 128.067, 2.09799, 67.6688, 0.833054, 50.8938, 0.364071],
[1.9166, 0.0238124, 1.24582, 0.0394669, 0.833054, 0.0293387, 0.578736, 0.00705561],
[108.363, 0.558093, 102.958, 1.6773, 50.8938, 0.578736, 42.735, 0.331968],
[0.484833, 0.00102772, 0.943215, 0.0136267, 0.364071, 0.00705561, 0.331968, 0.0232716]]

 Tot. Cov. (reco space) 
[[1590.45, 2.49223, 94.1476, -8.40101, 425.967, -1.11769, 26.3078, 3.19016],
[2.49223, 4.56411, 1.67348, 0.264183, -0.200716, 0.236143, 1.25296, -0.034167],
[94.1476, 1.67348, 1301.31, 23.5909, 64.4389, 5.07316, 302.889, -0.630903],
[-8.40101, 0.264183, 23.5909, 7.27427, -4.38561, 0.287032, 8.09713, -0.454229],
[425.967, -0.200716, 64.4389, -4.38561, 270.035, -1.25421, 14.5876, 1.71554],
[-1.11769, 0.236143, 5.07316, 0.287032, -1.25421, 2.61317, 3.37852, -0.00445405],
[26.3078, 1.25296, 302.889, 8.09713, 14.5876, 3.37852, 204.896, 0.0834912],
[3.19016, -0.034167, -0.630903, -0.454229, 1.71554, -0.00445405, 0.0834912, 1.50192]]

-------------------------------------------------------------------------------


Stat. Cov. (unfolded space) 
[[9.23093e-07, 1.03704e-06],
[1.03704e-06, 1.32592e-06]]
Collapsed cov_stat = 4.3231e-06

MC Stat. Cov. (unfolded space) 
[[6.52677e-08, 7.47638e-08],
[7.47638e-08, 9.74021e-08]]
Collapsed cov_mcstat = 3.12197e-07

Dirt Cov. (unfolded space) 
[[4.77954e-09, 4.46777e-09],
[4.46777e-09, 4.39503e-09]]
Collapsed cov_add = 1.81101e-08

Flux Cov. (unfolded space) 
[[8.0563e-07, 1.04934e-06],
[1.04934e-06, 1.37553e-06]]
Collapsed cov_flux = 4.27985e-06

Det. Cov. (unfolded space) 
[[4.38284e-07, 3.5578e-07],
[3.5578e-07, 6.01625e-07]]
Collapsed cov_det = 1.75147e-06

XSec. Cov. (unfolded space) 
[[6.40464e-07, 8.11583e-07],
[8.11583e-07, 1.05539e-06]]
Collapsed cov_xs = 3.31902e-06

Tot. Cov. (unfolded space) 
[[2.87752e-06, 3.33298e-06],
[3.33298e-06, 4.46027e-06]]
Collapsed cov_tot = 1.40037e-05
