frac_err_stat = [0.260119, 0.251541, 0.236078, 0.215673, 0.192851, 0.170889, 0.15305, 0.142617, 0.140362, 0.144918, 0.153479, 0.163677, 0.173999, 0.183581, 0.191889, 0.198595, 0.203314, 0.205808]
frac_err_mcstat = [0.0740534, 0.0715999, 0.0672088, 0.0614479, 0.0549853, 0.0486756, 0.043372, 0.0400198, 0.0388805, 0.0396823, 0.0416894, 0.0442497, 0.0469383, 0.0495052, 0.0517808, 0.0536506, 0.0549816, 0.0556897]
frac_err_dirt = [0.00423588, 0.00409861, 0.0038753, 0.00361082, 0.00331395, 0.00298309, 0.00266552, 0.00243947, 0.00235404, 0.00239362, 0.00250622, 0.00264632, 0.00278816, 0.00292224, 0.00304222, 0.00314391, 0.00321791, 0.00325815]
frac_err_flux = [0.0417022, 0.0418643, 0.0421416, 0.0424315, 0.0426321, 0.0426756, 0.0425622, 0.042372, 0.0422023, 0.0421429, 0.0422311, 0.0424595, 0.0427796, 0.0431557, 0.0435265, 0.0438567, 0.0440935, 0.0442277]
frac_err_det = [0.0770874, 0.0746029, 0.0700524, 0.0640821, 0.0575371, 0.0514019, 0.046497, 0.0435022, 0.0424486, 0.0430366, 0.0446936, 0.0469153, 0.0493246, 0.0516455, 0.0536894, 0.0553549, 0.056531, 0.0571586]
frac_err_xs = [0.162332, 0.160715, 0.157777, 0.153786, 0.149065, 0.144012, 0.13897, 0.13439, 0.130501, 0.127532, 0.125457, 0.124149, 0.123425, 0.123154, 0.123165, 0.123349, 0.123539, 0.123686]
