GENIE_y = [0.129291, 0.142311, 0.164848, 0.182718, 0.200541, 0.228562, 0.267504, 0.289623, 0.336808, 0.379935, 0.423852, 0.471671, 0.519617, 0.567965, 0.608639, 0.724274, 0.768183, 0.851062]
y = [0.0852615, 0.0935265, 0.107714, 0.118802, 0.130226, 0.148894, 0.175692, 0.192231, 0.226138, 0.257397, 0.288702, 0.321908, 0.354419, 0.386458, 0.41279, 0.489511, 0.517796, 0.572694]
yerr_stat = [0.0221782, 0.0235257, 0.0254289, 0.0256224, 0.0251143, 0.0254443, 0.0268897, 0.0274154, 0.0317412, 0.0373015, 0.0443097, 0.0526888, 0.0616685, 0.0709465, 0.0792098, 0.0972147, 0.105275, 0.117865]
yerr_tot = [0.0279154, 0.029806, 0.0326432, 0.0335731, 0.0338524, 0.0354805, 0.0387316, 0.040183, 0.0462519, 0.0530477, 0.0611207, 0.0706526, 0.0808069, 0.0913366, 0.100655, 0.122408, 0.131781, 0.147117]
yerr_sys = [0.0169529, 0.0183013, 0.0204682, 0.0216944, 0.0226993, 0.0247275, 0.0278761, 0.0293781, 0.0336412, 0.0377181, 0.0420998, 0.0470711, 0.0522184, 0.0575237, 0.062107, 0.0743846, 0.0792671, 0.0880412]
chi2 = '0.000919043'
