x = [0.5, 1.5, 2.5, 3.5, 4.5, 5.5, 6.5, 7.5]
GENIE_y = [0.634223, 1.34808, 1.27795, 0.962231, 0.766263, 0.620343, 0.398251, 0.0907801]
y = [0.724557, 1.35558, 1.24179, 0.993993, 0.813188, 0.520848, 0.231769, 0.0532203]
yerr_stat = [0.0739125, 0.111251, 0.0866377, 0.0714229, 0.0818329, 0.0422538, 0.0504911, 0.0127594]
yerr_tot = [0.141783, 0.216648, 0.180987, 0.141759, 0.142954, 0.0881539, 0.0866763, 0.0265257]
yerr_sys = [0.120993, 0.185902, 0.158903, 0.122451, 0.117214, 0.0773675, 0.0704516, 0.0232554]
chi2 = '10.4549'
