frac_err_stat = [0.102011, 0.0820692, 0.0697682, 0.0718545, 0.100632, 0.0811251, 0.217851, 0.239747]
frac_err_mcstat = [0.0499357, 0.0392036, 0.0336376, 0.0339807, 0.0475373, 0.038909, 0.106105, 0.119666]
frac_err_dirt = [0.00555495, 0.00537114, 0.00423889, 0.00341175, 0.00389017, 0.00373554, 0.00875066, 0.0117926]
frac_err_flux = [0.0710409, 0.0635218, 0.0615993, 0.0629651, 0.066817, 0.0796431, 0.123448, 0.227743]
frac_err_det = [0.107964, 0.0815277, 0.0732955, 0.0727425, 0.0961431, 0.0826885, 0.20982, 0.269187]
frac_err_geant4 = [0.0184827, 0.0241619, 0.0235584, 0.018174, 0.0163383, 0.0243532, 0.0410164, 0.0308658]
frac_err_genie = [0.0659972, 0.0524348, 0.054759, 0.0479329, 0.0473395, 0.0609517, 0.108921, 0.186784]
frac_err_rw = [0.056299, 0.0495411, 0.0419524, 0.0379824, 0.0401394, 0.045353, 0.078486, 0.113115]
frac_err_rw_cor = [0.0281303, 0.0277831, 0.0272889, 0.0261374, 0.0259749, 0.0314839, 0.0457637, 0.0592799]
