x = [0.5, 1.5, 2.5, 3.5, 4.5, 5.5, 6.5, 7.5]
GENIE_y = [0.425048, 0.817944, 0.723201, 0.518494, 0.400552, 0.309431, 0.189167, 0.0424805]
y = [0.271233, 0.493952, 0.428938, 0.31776, 0.243187, 0.142198, 0.0497499, 0.00621702]
yerr_stat = [0.0497835, 0.0730823, 0.0548407, 0.046128, 0.0484663, 0.0272237, 0.0273497, 0.00877669]
yerr_tot = [0.116356, 0.178655, 0.150715, 0.119266, 0.110405, 0.0778165, 0.0644054, 0.0217853]
yerr_sys = [0.105169, 0.163023, 0.140383, 0.109984, 0.0991985, 0.0728991, 0.0583099, 0.0199391]
chi2 = '8.99579'
