frac_err_stat = [0.183545, 0.147954, 0.127852, 0.145166, 0.199296, 0.19145, 0.549744, 1.41172]
frac_err_mcstat = [0.091957, 0.0725048, 0.0638171, 0.0722036, 0.0990176, 0.0974359, 0.282861, 0.747949]
frac_err_dirt = [0.00681344, 0.00636844, 0.00488591, 0.00442165, 0.00493394, 0.00509634, 0.0146477, 0.0229462]
frac_err_flux = [0.166192, 0.13167, 0.129071, 0.148982, 0.17143, 0.209758, 0.391793, 1.38191]
frac_err_det = [0.239324, 0.183541, 0.161989, 0.170732, 0.233016, 0.235656, 0.679262, 2.01201]
frac_err_geant4 = [0.0387024, 0.0379099, 0.0339469, 0.0261303, 0.0222896, 0.0405351, 0.106888, 0.243876]
frac_err_genie = [0.17527, 0.143693, 0.154255, 0.165268, 0.181057, 0.244229, 0.502004, 1.44138]
frac_err_rw = [0.108587, 0.101621, 0.0984357, 0.101116, 0.107712, 0.124181, 0.221654, 0.542164]
frac_err_rw_cor = [0.113739, 0.142098, 0.159622, 0.158121, 0.167325, 0.277593, 0.605011, 1.15638]
