frac_err_stat = [0.0931696, 0.0824878, 0.0674435, 0.0552342, 0.0512749, 0.0539471, 0.0580727, 0.0614789, 0.0639545, 0.0653028]
frac_err_mcstat = [0.0448444, 0.0400555, 0.0332759, 0.0275628, 0.0253197, 0.0260602, 0.0276272, 0.0290304, 0.0300983, 0.0306913]
frac_err_dirt = [0.00410942, 0.00379557, 0.00340148, 0.00310687, 0.00304299, 0.00314247, 0.00324107, 0.00330525, 0.0033564, 0.00338902]
frac_err_flux = [0.0507213, 0.0511567, 0.0518715, 0.0521617, 0.0523083, 0.0528082, 0.0537089, 0.0548538, 0.0558557, 0.0564195]
frac_err_det = [0.104836, 0.0940894, 0.079489, 0.067613, 0.0628002, 0.0638531, 0.0667937, 0.0697635, 0.0721975, 0.0735865]
frac_err_geant4 = [0.0134816, 0.0130659, 0.0128781, 0.0131111, 0.0137229, 0.0144246, 0.0150417, 0.0155223, 0.0158633, 0.0160424]
frac_err_genie = [0.0838671, 0.0741774, 0.061026, 0.0507601, 0.0462263, 0.0461529, 0.0482392, 0.0510842, 0.0536238, 0.0550837]
frac_err_rw = [0.0599091, 0.0554308, 0.0488219, 0.0427147, 0.0387473, 0.0367953, 0.0360251, 0.0357718, 0.0356875, 0.0356592]
frac_err_rw_cor = [0.0212574, 0.0212915, 0.0212177, 0.0207679, 0.0201638, 0.0197054, 0.0194959, 0.0195178, 0.0196353, 0.0197254]
