frac_err_stat = [0.260579, 0.251941, 0.236385, 0.215867, 0.192937, 0.170891, 0.153009, 0.142589, 0.140386, 0.145002, 0.153606, 0.163825, 0.174152, 0.183731, 0.192034, 0.198738, 0.203456, 0.205951]
frac_err_mcstat = [0.0741826, 0.0717118, 0.0672937, 0.0615012, 0.0550082, 0.0486752, 0.0433593, 0.0400102, 0.0388851, 0.0397037, 0.041723, 0.0442894, 0.0469798, 0.0495463, 0.0518213, 0.053691, 0.0550224, 0.0557309]
frac_err_dirt = [0.00424185, 0.00410351, 0.00387899, 0.00361366, 0.00331605, 0.00298405, 0.00266525, 0.00243873, 0.00235384, 0.00239433, 0.00250759, 0.00264798, 0.00278983, 0.00292385, 0.00304381, 0.00314554, 0.00321961, 0.00325991]
frac_err_flux = [0.0416998, 0.0418634, 0.0421432, 0.042435, 0.0426362, 0.042679, 0.0425637, 0.0423714, 0.0421998, 0.0421394, 0.0422275, 0.0424563, 0.0427774, 0.0431549, 0.0435272, 0.0438589, 0.0440968, 0.0442317]
frac_err_det = [0.0772184, 0.0747163, 0.0701362, 0.064131, 0.0575538, 0.0513966, 0.0464824, 0.0434924, 0.0424517, 0.043054, 0.0447215, 0.0469489, 0.0493602, 0.051681, 0.053724, 0.0553891, 0.0565652, 0.0571931]
frac_err_xs = [0.16238, 0.160755, 0.157806, 0.153801, 0.149066, 0.144004, 0.138959, 0.134379, 0.130493, 0.127528, 0.125458, 0.124155, 0.123433, 0.123165, 0.123179, 0.123366, 0.123557, 0.123706]
