GENIE_y = [0.129262, 0.142261, 0.164767, 0.182648, 0.200504, 0.228543, 0.267487, 0.28968, 0.336871, 0.380027, 0.423975, 0.471814, 0.519776, 0.568126, 0.608808, 0.724184, 0.768027, 0.85065]
y = [0.0852619, 0.0935104, 0.107671, 0.118759, 0.1302, 0.148877, 0.175677, 0.192267, 0.226184, 0.257464, 0.288789, 0.322002, 0.354515, 0.386544, 0.412868, 0.489393, 0.517619, 0.57233]
yerr_stat = [0.0222175, 0.0235591, 0.0254518, 0.0256362, 0.0251204, 0.0254417, 0.0268802, 0.0274152, 0.0317531, 0.0373329, 0.0443597, 0.052752, 0.0617395, 0.0710203, 0.0792848, 0.0972609, 0.105313, 0.117872]
yerr_tot = [0.0279539, 0.0298372, 0.0326616, 0.0335823, 0.0338551, 0.0354759, 0.038721, 0.0401848, 0.046264, 0.053078, 0.0611693, 0.0707147, 0.0808775, 0.0914105, 0.100731, 0.122446, 0.131808, 0.147104]
yerr_sys = [0.0169648, 0.0183091, 0.0204692, 0.0216922, 0.0226966, 0.0247236, 0.0278707, 0.0293807, 0.0336467, 0.0377297, 0.0421176, 0.0470934, 0.0522437, 0.05755, 0.0621343, 0.0743865, 0.0792622, 0.0880108]
chi2 = '0.000934541'
