GENIE_y = [0.000456966, 0.00150812, 0.00453068, 0.00542103, 0.00463684, 0.00341306, 0.00218502, 0.000703678, 0.000466735, 0.0022137, 0.0173793, 0.0377051, 0.0449178, 0.0386625, 0.0232375, 0.00534922]
y = [0.000962838, 0.00298499, 0.00776674, 0.00733013, 0.00463083, 0.0023684, 0.000906467, 3.34161e-05, 0.001543, 0.00528106, 0.0283573, 0.0485957, 0.0521849, 0.0431233, 0.0265855, 0.00757531]
yerr_stat = [6.21612e-05, 0.000175225, 0.000400807, 0.00036612, 0.000245511, 0.000185711, 0.000218393, 0.000172568, 0.000215324, 0.000573169, 0.00178723, 0.00147486, 0.00179064, 0.0017549, 0.00087657, 0.000400604]
yerr_tot = [0.00016569, 0.000477656, 0.00114592, 0.00110279, 0.000779544, 0.000581721, 0.000618609, 0.000464057, 0.000516766, 0.00138009, 0.00455304, 0.00514636, 0.00635439, 0.00592687, 0.00345001, 0.00133758]
yerr_sys = [0.000153588, 0.000444355, 0.00107353, 0.00104024, 0.000739873, 0.000551281, 0.000578776, 0.000430778, 0.000469769, 0.00125543, 0.0041876, 0.0049305, 0.00609687, 0.00566111, 0.00333679, 0.00127618]
chi2 = '37.0917'
chi2_ch1 = '24.8011'
chi2_ch2 = '15.153'
