frac_err_stat = [0.0645604, 0.0587022, 0.0516055, 0.0499473, 0.0530166, 0.0784122, 0.240927, 5.16421, 0.139549, 0.108533, 0.0630252, 0.0303497, 0.0343134, 0.0406948, 0.0329717, 0.0528828]
frac_err_mcstat = [0.0336167, 0.0307162, 0.0273368, 0.0267861, 0.0285852, 0.0418166, 0.126645, 2.72581, 0.074087, 0.0575334, 0.0332214, 0.0162162, 0.0186193, 0.0220489, 0.0182069, 0.0290382]
frac_err_dirt = [0.000582977, 0.000529247, 0.00045406, 0.000440432, 0.000522762, 0.000763002, 0.00222798, 0.050211, 0.000785522, 0.000587465, 0.000297315, 0.000145771, 0.00024731, 0.000294605, 0.000244256, 0.00051771]
frac_err_flux = [0.0499576, 0.0512811, 0.0556992, 0.0677735, 0.0923487, 0.13986, 0.267128, 3.38871, 0.0588419, 0.0479149, 0.0470263, 0.0630028, 0.0759415, 0.0858924, 0.0949291, 0.107208]
frac_err_det = [0.133898, 0.122278, 0.109039, 0.107632, 0.113649, 0.163516, 0.508004, 10.9301, 0.273803, 0.211582, 0.123236, 0.0643191, 0.0751117, 0.0849359, 0.0661526, 0.114291]
frac_err_xs = [0.0595043, 0.0570127, 0.0536016, 0.0494277, 0.0426717, 0.0577357, 0.232733, 5.15128, 0.0899302, 0.0743318, 0.0516505, 0.0334765, 0.0295951, 0.0330037, 0.0333586, 0.0433271]
frac_err_rw = [0.0125472, 0.0129423, 0.0143095, 0.0180231, 0.0248406, 0.0368103, 0.0639226, 0.613695, 0.0182094, 0.0172758, 0.0178639, 0.0198377, 0.0212022, 0.0218659, 0.0216955, 0.0198797]
frac_err_rw_cor = [0.0138674, 0.0147315, 0.0169751, 0.0218124, 0.0287577, 0.0379954, 0.0629109, 0.943513, 0.0187526, 0.0177688, 0.0178351, 0.0202621, 0.0238477, 0.0242583, 0.021224, 0.0266246]
