frac_err_stat = [0.0932185, 0.0754848, 0.0645627, 0.0666338, 0.094539, 0.0859224, 0.171005, 0.288916]
frac_err_mcstat = [0.0455722, 0.0360996, 0.0310499, 0.0314875, 0.0443346, 0.0406702, 0.0846642, 0.146677]
frac_err_dirt = [0.0053915, 0.00543411, 0.00443357, 0.00334024, 0.0040027, 0.00411165, 0.00713746, 0.0148994]
frac_err_flux = [0.0214689, 0.0167791, 0.0155524, 0.0133448, 0.0113011, 0.0126729, 0.0312922, 0.122226]
frac_err_det = [0.0921772, 0.0745271, 0.0652548, 0.0650504, 0.0896337, 0.0808512, 0.170393, 0.309509]
frac_err_xs = [0.0752291, 0.0655915, 0.0679111, 0.0716721, 0.0788885, 0.0959161, 0.145499, 0.31166]
frac_err_rw = [0.0622172, 0.0490667, 0.0358327, 0.0326873, 0.038496, 0.0480173, 0.070571, 0.121495]
frac_err_rw_cor = [0.0320325, 0.0328868, 0.0278025, 0.0164777, 0.00650668, 0.00652407, 0.011433, 0.0371156]
