GENIE_y = [0.534059, 1.04831, 1.02753, 0.847031, 0.688198, 0.511653, 0.313113, 0.0968515]
y = [0.774527, 1.39161, 1.24852, 0.964616, 0.728838, 0.457006, 0.210742, 0.0454753]
yerr_stat = [0.0722002, 0.105045, 0.080608, 0.0642761, 0.0689036, 0.0392671, 0.0360379, 0.0131386]
yerr_tot = [0.134842, 0.200013, 0.159504, 0.123264, 0.11938, 0.0755088, 0.0641833, 0.0260924]
yerr_sys = [0.113884, 0.170208, 0.137636, 0.105179, 0.0974878, 0.0644956, 0.0531108, 0.0225432]
chi2 = '13.4405'
