frac_err_stat = [0.134734, 0.067779, 0.104948, 0.290461, -0.647064, 0.0938283, 0.0612054, 0.0700548, 0.109911, 0.441081, 0.113744, 0.0735989, 0.0610697, 0.0630038, 0.116345, 0.1387, 0.092412, 0.067514, 0.0635593, 0.0870894]
frac_err_mcstat = [0.0623475, 0.0311325, 0.048718, 0.145287, -0.347129, 0.0454004, 0.0297412, 0.0327301, 0.0521619, 0.228336, 0.0543665, 0.0350462, 0.0280096, 0.0289263, 0.0575214, 0.0657683, 0.0435039, 0.0301584, 0.0285874, 0.0407711]
frac_err_dirt = [0.00547547, 0.00267395, 0.00310158, 0.00869215, -0.0201816, 0.00454641, 0.00317308, 0.0027142, 0.00349253, 0.0173832, 0.00543138, 0.00343502, 0.0023027, 0.00208663, 0.00353819, 0.00643905, 0.00421406, 0.00252372, 0.00206295, 0.00250622]
frac_err_flux = [0.0167153, 0.0106316, 0.0114113, 0.0356791, -0.100235, 0.0172672, 0.0121958, 0.0108358, 0.0139224, 0.0595352, 0.0196108, 0.013886, 0.00994709, 0.0082223, 0.016344, 0.0220769, 0.0157136, 0.0103175, 0.0092675, 0.0183383]
frac_err_det = [0.127499, 0.0631312, 0.104842, 0.346995, -0.875954, 0.0948206, 0.0608156, 0.0697448, 0.109712, 0.517085, 0.121178, 0.0765768, 0.0599228, 0.0636978, 0.121634, 0.15161, 0.0979007, 0.0637981, 0.0617851, 0.0901068]
frac_err_geant4 = [0.0119363, 0.00626348, 0.00745028, 0.0253745, -0.0624823, 0.00953254, 0.00646447, 0.00702371, 0.00864379, 0.0229891, 0.0121795, 0.00987715, 0.00778973, 0.00765163, 0.00903777, 0.0143058, 0.0113411, 0.0083819, 0.00834516, 0.0104117]
frac_err_genie = [0.0839849, 0.0516684, 0.0606413, 0.144618, -0.214119, 0.0664712, 0.0562144, 0.0608294, 0.0750024, 0.255494, 0.0768619, 0.0633124, 0.0548832, 0.0529725, 0.0723963, 0.092581, 0.0726358, 0.0566607, 0.057186, 0.076787]
frac_err_rw = [0.0671987, 0.0345267, 0.0300953, 0.0781323, -0.161971, 0.0538635, 0.0362208, 0.0298969, 0.0396563, 0.170444, 0.0473257, 0.0362906, 0.0286442, 0.0310039, 0.0528905, 0.0457494, 0.0358387, 0.0285864, 0.0310101, 0.0405603]
frac_err_rw_cor = [0.0326867, 0.0139714, 0.00806207, 0.0290981, -0.061371, 0.0188952, 0.0117461, 0.0109934, 0.0229064, 0.0925652, 0.00940505, 0.0088148, 0.0106772, 0.0170962, 0.0271603, 0.00710422, 0.00726985, 0.0102933, 0.0170884, 0.0268001]
