x = [0.5, 1.5, 2.5, 3.5, 4.5, 5.5, 6.5, 7.5, 8.5, 9.5, 10.5, 11.5, 12.5, 13.5, 14.5, 15.5, 16.5, 17.5, 18.5, 19.5]
GENIE_y = [0.300663, 0.45911, 0.196519, 0.0514541, 0.00222885, 0.279389, 0.550075, 0.449328, 0.235574, 0.033107, 0.269518, 0.554216, 0.628845, 0.484139, 0.12098, 0.294239, 0.569446, 0.712737, 0.68, 0.286884]
y = [0.33057, 0.718139, 0.322055, 0.053838, -0.00433157, 0.357879, 0.780921, 0.644012, 0.308132, 0.0205746, 0.382549, 0.782968, 0.920063, 0.735397, 0.179272, 0.43754, 0.834555, 1.08313, 1.05518, 0.444676]
yerr_stat = [0.0448129, 0.0486476, 0.0334445, 0.0151042, 0.00303772, 0.0339806, 0.0485365, 0.0452709, 0.0339649, 0.00892992, 0.0433616, 0.0578211, 0.056308, 0.046418, 0.0206096, 0.0599019, 0.0768735, 0.0738544, 0.0674568, 0.0391094]
yerr_tot = [0.0751554, 0.0841594, 0.0545135, 0.0262478, 0.00552737, 0.0603497, 0.0904869, 0.0809501, 0.0576441, 0.0159083, 0.0757323, 0.105973, 0.101779, 0.0841355, 0.0358131, 0.104295, 0.136932, 0.128494, 0.122827, 0.0723958]
yerr_sys = [0.0603335, 0.0686747, 0.0430487, 0.0214665, 0.0046178, 0.0498739, 0.0763681, 0.0671079, 0.0465749, 0.0131656, 0.0620899, 0.0888093, 0.084784, 0.0701723, 0.0292887, 0.0853769, 0.113318, 0.105148, 0.102645, 0.060923]
chi2 = '30.3534'
