frac_err_stat = [0.135563, 0.0677413, 0.103847, 0.28055, -0.701297, 0.09495, 0.0621529, 0.0702952, 0.110229, 0.434027, 0.113349, 0.0738486, 0.0612002, 0.0631197, 0.114963, 0.136906, 0.0921132, 0.0681862, 0.0639293, 0.0879504]
frac_err_mcstat = [0.0627494, 0.0311046, 0.048156, 0.14034, -0.376317, 0.0459614, 0.0302173, 0.0328463, 0.0523409, 0.224312, 0.0541212, 0.0351397, 0.028049, 0.0289445, 0.0567651, 0.0648184, 0.0432895, 0.0304072, 0.0287233, 0.0411824]
frac_err_dirt = [0.00549693, 0.00267108, 0.00308768, 0.00845491, -0.0218936, 0.0046149, 0.00323376, 0.00272751, 0.00351513, 0.0171665, 0.005425, 0.00344804, 0.00230213, 0.00208327, 0.0034891, 0.00635475, 0.00418891, 0.00254462, 0.00207252, 0.00252369]
frac_err_flux = [0.0168483, 0.0105932, 0.0113584, 0.034821, -0.1092, 0.0176471, 0.0123957, 0.0109179, 0.0140989, 0.0586759, 0.0200458, 0.0142132, 0.0100391, 0.00822612, 0.0162363, 0.0224397, 0.0160335, 0.0104227, 0.00933789, 0.0184508]
frac_err_det = [0.127344, 0.0630991, 0.103671, 0.333875, -0.943802, 0.0956477, 0.0614292, 0.0696598, 0.109574, 0.505514, 0.120958, 0.0768008, 0.0598312, 0.063702, 0.120092, 0.150307, 0.0979034, 0.0643368, 0.0621897, 0.0908224]
frac_err_geant4 = [0.0121953, 0.0064393, 0.00756894, 0.0243833, -0.0673917, 0.00978891, 0.00652543, 0.00692807, 0.0085485, 0.0225366, 0.0123256, 0.00994963, 0.00778735, 0.00767811, 0.00925986, 0.0143167, 0.0114036, 0.00847461, 0.00841202, 0.0104239]
frac_err_genie = [0.0840606, 0.0515349, 0.0603811, 0.138995, -0.22887, 0.0666737, 0.0566236, 0.0611604, 0.0755293, 0.251563, 0.0766877, 0.0634338, 0.0550068, 0.0531438, 0.0722099, 0.0917867, 0.0724404, 0.0569695, 0.0577705, 0.0773815]
frac_err_rw = [0.0675411, 0.034459, 0.0299136, 0.0763861, -0.175009, 0.0540487, 0.0363813, 0.0298658, 0.0398866, 0.167311, 0.0472104, 0.03629, 0.0286125, 0.0310107, 0.0523996, 0.0453623, 0.0356697, 0.0286527, 0.0312161, 0.0407149]
frac_err_rw_cor = [0.0326595, 0.0138485, 0.00800738, 0.027924, -0.0647611, 0.0191058, 0.0118397, 0.0109397, 0.0228287, 0.0899109, 0.00949239, 0.00886991, 0.0106774, 0.0171039, 0.02694, 0.00710595, 0.00729357, 0.0103404, 0.0172115, 0.0269201]
