x = [0.5, 1.5, 2.5, 3.5, 4.5, 5.5, 6.5, 7.5, 8.5, 9.5, 10.5, 11.5, 12.5, 13.5, 14.5, 15.5, 16.5, 17.5, 18.5, 19.5]
GENIE_y = [0.301813, 0.46015, 0.196295, 0.0511948, 0.00217577, 0.279664, 0.551078, 0.450487, 0.236727, 0.0332482, 0.268572, 0.553378, 0.629198, 0.485264, 0.1209, 0.29222, 0.567377, 0.712752, 0.681386, 0.287537]
y = [0.332278, 0.717072, 0.319215, 0.0520669, -0.00467281, 0.359601, 0.785277, 0.646116, 0.310331, 0.0202344, 0.381809, 0.783178, 0.921584, 0.737701, 0.178007, 0.433648, 0.830107, 1.08385, 1.06124, 0.448336]
yerr_stat = [0.0447691, 0.0486024, 0.0335009, 0.0151234, 0.00302361, 0.0337408, 0.0480632, 0.0452636, 0.0341087, 0.00892502, 0.0434286, 0.057641, 0.0562809, 0.0464779, 0.0207102, 0.0601471, 0.0767118, 0.0731753, 0.0674519, 0.0390453]
yerr_tot = [0.0753223, 0.0841303, 0.0545687, 0.0263306, 0.00552241, 0.0601108, 0.0900153, 0.0810413, 0.0579258, 0.0159498, 0.0757639, 0.105698, 0.101861, 0.0842845, 0.0359457, 0.104433, 0.13646, 0.127575, 0.122656, 0.0723985]
yerr_sys = [0.0605737, 0.068671, 0.0430748, 0.0215542, 0.00462113, 0.049748, 0.0761097, 0.0672228, 0.0468188, 0.0132189, 0.0620816, 0.0885981, 0.0849002, 0.0703113, 0.0293799, 0.0853737, 0.112857, 0.104503, 0.102443, 0.0609673]
chi2 = '30.8006'
