GENIE_y = [0.0944537, 0.217164, 0.305845, 0.363297, 0.407829, 0.442781, 0.492508, 0.566777, 0.675041, 0.864648]
y = [0.107009, 0.260802, 0.375452, 0.441525, 0.478673, 0.487858, 0.501247, 0.539983, 0.620448, 0.783809]
yerr_stat = [0.00327729, 0.00502926, 0.00679001, 0.00705846, 0.00794007, 0.0105709, 0.0083987, 0.0101302, 0.0166266, 0.0284004]
yerr_tot = [0.0125871, 0.0218168, 0.0284004, 0.0314053, 0.0349691, 0.0429178, 0.0526374, 0.073884, 0.0980989, 0.132651]
yerr_sys = [0.0121529, 0.0212292, 0.0275768, 0.0306018, 0.0340558, 0.0415956, 0.0519631, 0.0731863, 0.0966797, 0.129575]
chi2 = '13.6381'
