frac_err_stat = [0.0306262, 0.0192838, 0.0180849, 0.0159865, 0.0165877, 0.021668, 0.0167556, 0.0187603, 0.0267977, 0.0362339]
frac_err_mcstat = [0.0210946, 0.0131217, 0.0125244, 0.0110578, 0.0113036, 0.014926, 0.011593, 0.0130703, 0.0183606, 0.0246342]
frac_err_dirt = [0.00409356, 0.00210346, 0.00167416, 0.00153004, 0.00162483, 0.00161075, 0.00133749, 0.00164469, 0.00269902, 0.00365972]
frac_err_flux = [0.0810855, 0.0578618, 0.0515679, 0.0475017, 0.0474568, 0.0579912, 0.0849079, 0.116803, 0.130551, 0.128859]
frac_err_det = [0.0556727, 0.0351823, 0.03311, 0.029933, 0.0307757, 0.0402189, 0.0314671, 0.039703, 0.0556063, 0.0726324]
frac_err_xs = [0.0418881, 0.030299, 0.0258033, 0.0266751, 0.0280845, 0.0306341, 0.0333226, 0.0383719, 0.0451692, 0.0530519]
frac_err_rw = [0.0222747, 0.0217461, 0.0201813, 0.020176, 0.021637, 0.023646, 0.0254972, 0.0274284, 0.0296706, 0.0317119]
frac_err_rw_cor = [0.0226074, 0.0217387, 0.0201635, 0.0202028, 0.0217986, 0.0237916, 0.0255095, 0.0274239, 0.0296651, 0.031758]
