frac_err_stat = [0.358529, 0.321596, 0.26744, 0.22142, 0.193737, 0.188084, 0.229146, 0.379302, 0.724133, 2.04461, 49.4552, 2.28463, 0.709322, 0.417754, 0.315214, 0.266498, 0.246873, 0.26112, 0.258347, 0.253558, 0.289064, 0.343375]
frac_err_mcstat = [0.0981987, 0.0879284, 0.072707, 0.0593884, 0.0510233, 0.0490075, 0.0603106, 0.100774, 0.194816, 0.570992, 14.282, 0.655508, 0.20105, 0.118193, 0.0880416, 0.0729856, 0.0670007, 0.07415, 0.0742179, 0.07225, 0.0831098, 0.0992928]
frac_err_dirt = [0.0138848, 0.012721, 0.010631, 0.00806776, 0.00546679, 0.00381126, 0.00451904, 0.00766925, 0.0138331, 0.0389402, 1.02457, 0.0519979, 0.0179962, 0.0103385, 0.00678801, 0.00553989, 0.00591681, 0.00629149, 0.00420019, 0.00339523, 0.00454719, 0.00560704]
frac_err_flux = [0.0230207, 0.0226668, 0.0220896, 0.022251, 0.0239131, 0.0293503, 0.0426128, 0.0675248, 0.120624, 0.335959, 8.04766, 0.38596, 0.121485, 0.0641717, 0.0464088, 0.04222, 0.0461522, 0.0550319, 0.0510266, 0.0432561, 0.0403424, 0.0413058]
frac_err_det = [0.12046, 0.106703, 0.0868056, 0.0712054, 0.0648218, 0.0658273, 0.0810146, 0.134753, 0.264485, 0.781428, 18.931, 0.803872, 0.24623, 0.146906, 0.103164, 0.0785933, 0.0708969, 0.0813937, 0.0829832, 0.087221, 0.115613, 0.147495]
frac_err_xs = [0.115637, 0.110434, 0.101692, 0.0936664, 0.0865882, 0.083298, 0.0939845, 0.130569, 0.225566, 0.637328, 16.12, 0.892506, 0.356689, 0.240352, 0.198444, 0.181766, 0.178884, 0.182109, 0.138527, 0.0972818, 0.084747, 0.0874164]
