x = [0.5, 1.5, 2.5, 3.5, 4.5, 5.5, 6.5, 7.5, 8.5, 9.5]
GENIE_y = [0.111931, 0.133907, 0.170523, 0.218776, 0.287476, 0.367265, 0.452442, 0.535748, 0.621987, 0.707644]
y = [0.111698, 0.131406, 0.162947, 0.206282, 0.270167, 0.345664, 0.42682, 0.504754, 0.584634, 0.664262]
yerr_stat = [0.0102892, 0.010738, 0.0112492, 0.0123411, 0.0157143, 0.0212238, 0.0276178, 0.0338362, 0.0402372, 0.0464379]
yerr_tot = [0.020551, 0.0223687, 0.0252119, 0.0295761, 0.0377946, 0.0490347, 0.0618921, 0.0749188, 0.0886243, 0.101994]
yerr_sys = [0.0177898, 0.0196228, 0.0225632, 0.0268783, 0.0343729, 0.0442036, 0.0553886, 0.0668427, 0.0789635, 0.0908096]
chi2 = '10.9044'
