frac_err_stat = [0.0921161, 0.0817166, 0.0690361, 0.0598264, 0.058165, 0.0613999, 0.0647058, 0.0670349, 0.0688246, 0.0699091]
frac_err_mcstat = [0.0448555, 0.0400983, 0.0343613, 0.0299703, 0.0288098, 0.0299112, 0.031173, 0.0321375, 0.032935, 0.0334319]
frac_err_dirt = [0.00369605, 0.00352798, 0.00337051, 0.00327708, 0.00330522, 0.00339624, 0.00343473, 0.00344197, 0.00346051, 0.00347986]
frac_err_flux = [0.0647429, 0.0663895, 0.0690064, 0.070666, 0.071802, 0.073023, 0.0744263, 0.0760633, 0.0774367, 0.0781938]
frac_err_det = [0.0953829, 0.0870983, 0.0777448, 0.0706744, 0.0681011, 0.0687398, 0.069899, 0.0711491, 0.0724191, 0.0732689]
frac_err_geant4 = [0.0177728, 0.017579, 0.0179146, 0.018395, 0.019055, 0.0197045, 0.0203397, 0.0209096, 0.0213403, 0.0215724]
frac_err_genie = [0.074303, 0.0671154, 0.0589428, 0.0536907, 0.0521802, 0.0527546, 0.054202, 0.0564297, 0.0586973, 0.0600967]
frac_err_rw = [0.0585569, 0.0552796, 0.0502712, 0.0448889, 0.0406978, 0.037899, 0.0362111, 0.0353563, 0.0349516, 0.0347873]
frac_err_rw_cor = [0.0280225, 0.0285664, 0.0292076, 0.0290562, 0.0284724, 0.0279628, 0.0277275, 0.027796, 0.0279733, 0.0280965]
