frac_err_stat = [0.182316, 0.067581, 0.108089, 0.215441, -0.421496, 0.128628, 0.0530689, 0.0613461, 0.0784616, 0.621573, 0.165192, 0.0753965, 0.0651824, 0.0675863, 0.127209, 0.194353, 0.0977381, 0.0783535, 0.0706973, 0.0935556]
frac_err_mcstat = [1.17691e-156, 3.5185e-157, 4.54848e-157, 1.05337e-156, -2.65125e-156, 7.17964e-157, 2.93365e-157, 2.83373e-157, 4.49298e-157, 4.38487e-156, 7.44348e-157, 3.61425e-157, 2.9841e-157, 3.14607e-157, 8.66783e-157, 8.63792e-157, 4.49797e-157, 3.40531e-157, 3.71788e-157, 8.84754e-157]
frac_err_dirt = [0.00706995, 0.0026281, 0.00328914, 0.00632617, -0.0124023, 0.00585633, 0.00261745, 0.00246357, 0.00262478, 0.0230464, 0.00766902, 0.00347367, 0.00245941, 0.00229731, 0.00407073, 0.00896436, 0.00444181, 0.00295953, 0.00245714, 0.00297697]
frac_err_flux = [0.0171403, 0.00800203, 0.0106595, 0.0217414, -0.057541, 0.0218788, 0.0107132, 0.00968498, 0.0118188, 0.0778969, 0.0252483, 0.0135049, 0.0109027, 0.0100777, 0.0139725, 0.0268291, 0.0154143, 0.0118278, 0.00940969, 0.0155005]
frac_err_det = [0.177431, 0.0652547, 0.108802, 0.237751, -0.56608, 0.132081, 0.0548838, 0.060801, 0.0792717, 0.718484, 0.174391, 0.0776571, 0.0631448, 0.0660521, 0.134685, 0.20746, 0.101093, 0.0749255, 0.067915, 0.0952542]
frac_err_geant4 = [0.0160218, 0.00540675, 0.00620707, 0.0150244, -0.0412237, 0.0133302, 0.00734986, 0.00751679, 0.00692918, 0.0347153, 0.0131356, 0.00906822, 0.00819641, 0.0072775, 0.00700964, 0.0127188, 0.00959573, 0.00911032, 0.00934601, 0.0106556]
frac_err_genie = [0.105968, 0.0473295, 0.0636297, 0.110682, -0.119922, 0.0801124, 0.0503346, 0.0519124, 0.0617167, 0.319884, 0.0988115, 0.06283, 0.054701, 0.0537479, 0.0756255, 0.118324, 0.074398, 0.0579082, 0.0539283, 0.0745918]
frac_err_rw = [0.0683437, 0.0254202, 0.0302296, 0.0584086, -0.0791571, 0.0562621, 0.0299637, 0.0276944, 0.0322052, 0.206384, 0.0542036, 0.0341326, 0.0299184, 0.0295568, 0.0475204, 0.0553112, 0.0375388, 0.0317492, 0.0289466, 0.0327857]
frac_err_rw_cor = [0.0416509, 0.0127493, 0.0102229, 0.0176805, -0.0259046, 0.0208743, 0.00894931, 0.00680729, 0.0133746, 0.104733, 0.00895236, 0.00665413, 0.00787155, 0.0133685, 0.0287044, 0.00971912, 0.0046114, 0.00769812, 0.0131681, 0.0236678]
