x = [0.5, 1.5, 2.5, 3.5, 4.5, 5.5, 6.5, 7.5, 8.5, 9.5, 10.5, 11.5, 12.5, 13.5, 14.5, 15.5, 16.5, 17.5, 18.5, 19.5]
GENIE_y = [0.267034, 0.420804, 0.179462, 0.0549579, 0.00165011, 0.264283, 0.559565, 0.445132, 0.242344, 0.0261491, 0.284988, 0.629218, 0.661246, 0.502677, 0.104664, 0.356105, 0.737273, 0.843159, 0.766179, 0.2594]
y = [0.273259, 0.700349, 0.284728, 0.0686998, -0.00802414, 0.323818, 0.854061, 0.681483, 0.350686, 0.0129272, 0.394671, 0.915248, 0.967241, 0.731171, 0.144581, 0.532577, 1.06794, 1.22329, 1.13675, 0.419361]
yerr_stat = [0.0498196, 0.0473303, 0.030776, 0.0148008, 0.00338214, 0.0416521, 0.0453241, 0.0418063, 0.0275154, 0.00803522, 0.0651964, 0.0690064, 0.0630471, 0.0494171, 0.018392, 0.103508, 0.104379, 0.0958488, 0.0803653, 0.0392335]
yerr_tot = [0.0787045, 0.0766374, 0.048279, 0.0237639, 0.00581176, 0.0684631, 0.0833122, 0.0718785, 0.0466027, 0.0133487, 0.105423, 0.119855, 0.107609, 0.0834681, 0.0301147, 0.167511, 0.175764, 0.156683, 0.133112, 0.0668189]
yerr_sys = [0.0609296, 0.0602755, 0.0371981, 0.018592, 0.00472627, 0.0543351, 0.0699046, 0.0584701, 0.0376127, 0.0106594, 0.082846, 0.0979966, 0.0872055, 0.0672671, 0.023846, 0.131705, 0.141415, 0.123946, 0.106114, 0.0540878]
chi2 = '33.9825'
