GENIE_y = [0.0249096, 0.036953, 0.044874, 0.0506013, 0.0553657, 0.0621816, 0.0721357, 0.0892775, 0.110582, 0.156022, 0.0713125, 0.176437, 0.257932, 0.309544, 0.34547, 0.371774, 0.414052, 0.473576, 0.557199, 0.691825]
y = [0.0360932, 0.0593666, 0.0731422, 0.0812908, 0.087707, 0.0956443, 0.103084, 0.113068, 0.123132, 0.159385, 0.0764985, 0.202361, 0.305829, 0.360829, 0.381392, 0.381796, 0.399916, 0.440245, 0.504481, 0.61206]
yerr_stat = [0.00156633, 0.00164335, 0.00191745, 0.0032662, 0.00429947, 0.00499645, 0.00612556, 0.00797965, 0.0103483, 0.0153299, 0.00272429, 0.00405475, 0.0056696, 0.00601192, 0.00697648, 0.00898422, 0.00829518, 0.0102757, 0.0162193, 0.0244299]
yerr_tot = [0.00452102, 0.00495219, 0.00603794, 0.00953292, 0.0125445, 0.0150437, 0.0184185, 0.0234872, 0.0298158, 0.0434351, 0.00984572, 0.0177221, 0.0236983, 0.0266169, 0.0299784, 0.0363608, 0.0455519, 0.0630243, 0.0853491, 0.113556]
yerr_sys = [0.00424102, 0.00467157, 0.00572539, 0.00895592, 0.0117847, 0.0141897, 0.0173701, 0.0220901, 0.0279623, 0.0406399, 0.00946131, 0.017252, 0.0230101, 0.025929, 0.0291554, 0.0352334, 0.0447902, 0.0621809, 0.0837938, 0.110897]
chi2 = '47.4321'
chi2_ch1 = '28.0964'
chi2_ch2 = '9.28685'
