frac_err_stat = [0.0433967, 0.0276813, 0.0262154, 0.0401792, 0.0490209, 0.0522399, 0.0594229, 0.0705741, 0.0840422, 0.0961814, 0.0356123, 0.0200373, 0.0185385, 0.0166614, 0.0182921, 0.0235315, 0.0207423, 0.023341, 0.0321505, 0.0399142]
frac_err_mcstat = [0.0283989, 0.0178084, 0.0174166, 0.0267353, 0.0326959, 0.0353858, 0.0406292, 0.0479495, 0.05659, 0.0645165, 0.0250081, 0.0137264, 0.0128037, 0.0115326, 0.012495, 0.0161606, 0.0145097, 0.0162704, 0.0221001, 0.0274201]
frac_err_dirt = [0.00816558, 0.00524689, 0.00338971, 0.00435663, 0.00562868, 0.00607888, 0.0067712, 0.00810979, 0.00992212, 0.011486, 0.00353932, 0.00197325, 0.00176041, 0.00158838, 0.00179581, 0.0019679, 0.00134254, 0.00208086, 0.00325057, 0.00373605]
frac_err_flux = [0.0642382, 0.0470328, 0.0394757, 0.0387167, 0.0438466, 0.0558341, 0.0740882, 0.0928796, 0.108176, 0.117407, 0.0841372, 0.0609525, 0.0524845, 0.0486616, 0.0503915, 0.0622622, 0.0876336, 0.115564, 0.131142, 0.13497]
frac_err_det = [0.0757529, 0.0487759, 0.0486889, 0.0784502, 0.097131, 0.104285, 0.117282, 0.136486, 0.161152, 0.184684, 0.0652128, 0.0368292, 0.0338741, 0.0314167, 0.0340144, 0.0436252, 0.0409397, 0.0510684, 0.0701867, 0.0861722]
frac_err_xs = [0.0480176, 0.0267531, 0.0367267, 0.0561897, 0.0704296, 0.0777937, 0.0814922, 0.0860062, 0.0942856, 0.102893, 0.0472097, 0.0315791, 0.026695, 0.0279994, 0.0309894, 0.0353027, 0.0398803, 0.0467623, 0.0568111, 0.0665943]
frac_err_rw = [0.0193953, 0.016423, 0.0163583, 0.0171762, 0.0177429, 0.0183402, 0.0201495, 0.0240381, 0.029262, 0.0335096, 0.0233209, 0.0224413, 0.0209693, 0.021061, 0.0225949, 0.0246961, 0.0263133, 0.0276655, 0.0294829, 0.0315003]
frac_err_rw_cor = [0.0196615, 0.0164578, 0.0163448, 0.0172702, 0.0179116, 0.0184486, 0.0201459, 0.0239788, 0.0291855, 0.0334296, 0.0235445, 0.022437, 0.0209613, 0.0211139, 0.0227433, 0.0248036, 0.0263229, 0.0276608, 0.0294764, 0.0315167]
