frac_err_stat = [0.130978, 0.113442, 0.0922739, 0.0793811, 0.088445, 0.0897354, 0.11467, 0.196782, 0.232608, 0.110438, 0.0963357, 0.161543, 0.313583, 0.107263, 0.155081, 0.228948]
frac_err_mcstat = [0.0661596, 0.0572205, 0.0464479, 0.0397657, 0.0440779, 0.0446197, 0.0566388, 0.0975844, 0.122052, 0.0566174, 0.0494166, 0.0837412, 0.161014, 0.0551351, 0.07811, 0.126953]
frac_err_dirt = [0, 0, 0, 0, 0, 0, 0, 0, 0, 0, 0, 0, 0, 0, 0, 0]
frac_err_flux = [0, 0, 0, 0, 0, 0, 0, 0, 0, 0, 0, 0, 0, 0, 0, 0]
frac_err_det = [0, 0, 0, 0, 0, 0, 0, 0, 0, 0, 0, 0, 0, 0, 0, 0]
frac_err_geant4 = [0, 0, 0, 0, 0, 0, 0, 0, 0, 0, 0, 0, 0, 0, 0, 0]
frac_err_genie = [0.0691449, 0.0631854, 0.0525347, 0.0452605, 0.0508923, 0.0566841, 0.0637231, 0.0952387, 0.130498, 0.057574, 0.0627937, 0.0904612, 0.127263, 0.0744225, 0.0717877, 0.13541]
