frac_err_stat = [0.159837, 0.0849445, 0.0714377, 0.0951531, 0.162299, 0.0711276, 0.120739, 0.137186]
frac_err_mcstat = [0.083814, 0.0436759, 0.0366532, 0.0487934, 0.0827323, 0.0365272, 0.0604331, 0.0727217]
frac_err_dirt = [0, 0, 0, 0, 0, 0, 0, 0]
frac_err_flux = [0.106944, 0.0627943, 0.0620167, 0.0864902, 0.105869, 0.0739137, 0.0621622, 0.135857]
frac_err_det = [0.215816, 0.111431, 0.0820119, 0.107418, 0.184214, 0.0764697, 0.137546, 0.198852]
frac_err_geant4 = [0.0241759, 0.0168793, 0.0162629, 0.0146126, 0.0143132, 0.0164433, 0.0178834, 0.0173154]
frac_err_genie = [0.0931983, 0.0501454, 0.0509916, 0.0557804, 0.0665258, 0.0488867, 0.0506008, 0.0917801]
