x = [0.5]
GENIE_y = [1.25705]
y = [1.44821]
yerr_stat = [0.0452281]
yerr_tot = [0.469881]
yerr_sys = [0.467699]
chi2 = '0.165503'
