GENIE_y = [0.866621]
y = [0.738403]
yerr_stat = [0.106436]
yerr_tot = [0.195892]
yerr_sys = [0.164453]
chi2 = '2.55707'
