 Stat. Cov. (reco space) 
[[236.112, 0, 0, 0, 0, 0, 0, 0],
[0, 0, 0, 0, 0, 0, 0, 0],
[0, 0, 185.019, 0, 0, 0, 0, 0],
[0, 0, 0, 0.0309781, 0, 0, 0, 0],
[0, 0, 0, 0, 72.1442, 0, 0, 0],
[0, 0, 0, 0, 0, 0, 0, 0],
[0, 0, 0, 0, 0, 0, 54.771, 0],
[0, 0, 0, 0, 0, 0, 0, 0.0496231]]

 MC Stat. Cov. (reco space) 
[[16.1023, 0, 0, 0, 0, 0, 0, 0],
[0, 0.0290603, 0, 0, 0, 0, 0, 0],
[0, 0, 12.962, 0, 0, 0, 0, 0],
[0, 0, 0, 0.0249033, 0, 0, 0, 0],
[0, 0, 0, 0, 5.75807, 0, 0, 0],
[0, 0, 0, 0, 0, 0.0290603, 0, 0],
[0, 0, 0, 0, 0, 0, 4.2109, 0],
[0, 0, 0, 0, 0, 0, 0, 0.0266479]]

 Dirt Cov. (reco space) 
[[1.73015, 0, 0, 0, 0, 0, 0, 0],
[0, 0, 0, 0, 0, 0, 0, 0],
[0, 0, 0.261653, 0, 0, 0, 0, 0],
[0, 0, 0, 0, 0, 0, 0, 0],
[0, 0, 0, 0, 0.362773, 0, 0, 0],
[0, 0, 0, 0, 0, 0, 0, 0],
[0, 0, 0, 0, 0, 0, 0.0259988, 0],
[0, 0, 0, 0, 0, 0, 0, 0]]

 Flux Cov. (reco space) 
[[253.769, 0, 226.372, 0.100744, 81.7825, 0, 61.4187, 0.00125405],
[0, 0, 0, 0, 0, 0, 0, 0],
[226.372, 0, 224.942, 0.0861341, 73.8027, 0, 60.5466, 0.00952453],
[0.100744, 0, 0.0861341, 0.000228999, 0.0323873, 0, 0.0193057, -0.000113957],
[81.7825, 0, 73.8027, 0.0323873, 27.1095, 0, 20.4823, 0.00370406],
[0, 0, 0, 0, 0, 0, 0, 0],
[61.4187, 0, 60.5466, 0.0193057, 20.4823, 0, 16.9068, 0.0101427],
[0.00125405, 0, 0.00952453, -0.000113957, 0.00370406, 0, 0.0101427, 0.000307914]]

 Det. Cov. (reco space) 
[[618.566, 0, -399.968, 1.0524, 176.849, 0, -147.218, 2.55847],
[0, 0, 0, 0, 0, 0, 0, 0],
[-399.968, 0, 382.464, -1.1687, -128.914, 0, 107.603, -2.30342],
[1.0524, 0, -1.1687, 0.0861895, 0.507756, 0, -0.618614, 0.0128047],
[176.849, 0, -128.914, 0.507756, 91.2932, 0, -56.4147, 1.15254],
[0, 0, 0, 0, 0, 0, 0, 0],
[-147.218, 0, 107.603, -0.618614, -56.4147, 0, 78.4133, -0.92963],
[2.55847, 0, -2.30342, 0.0128047, 1.15254, 0, -0.92963, 0.100155]]

 XSec. Cov. (reco space) 
[[344.849, 0, 278.018, 0.503669, 144.904, 0, 105.421, -0.00470843],
[0, 0, 0, 0, 0, 0, 0, 0],
[278.018, 0, 288.506, 0.56653, 127.477, 0, 102.169, 0.0124803],
[0.503669, 0, 0.56653, 0.00385986, 0.284485, 0, 0.256988, -5.46286e-05],
[144.904, 0, 127.477, 0.284485, 67.9432, 0, 50.8496, -0.00510145],
[0, 0, 0, 0, 0, 0, 0, 0],
[105.421, 0, 102.169, 0.256988, 50.8496, 0, 42.0838, 0.00636984],
[-0.00470843, 0, 0.0124803, -5.46286e-05, -0.00510145, 0, 0.00636984, 0.000104108]]

 RW Cov. (reco space) 
[[41.7085, 0, 20.6335, 0.00654738, 10.4374, 0, 6.45386, 0.00789479],
[0, 0, 0, 0, 0, 0, 0, 0],
[20.6335, 0, 44.7298, 0.00574115, 4.57068, 0, 7.44754, 0.00692264],
[0.00654738, 0, 0.00574115, 1.85787e-06, 0.00187661, 0, 0.00149559, 2.24021e-06],
[10.4374, 0, 4.57068, 0.00187661, 2.92829, 0, 1.72096, 0.0022628],
[0, 0, 0, 0, 0, 0, 0, 0],
[6.45386, 0, 7.44754, 0.00149559, 1.72096, 0, 1.83236, 0.00180337],
[0.00789479, 0, 0.00692264, 2.24021e-06, 0.0022628, 0, 0.00180337, 2.70123e-06]]

 RW corr Cov. (reco space) 
[[75.6623, 0, 85.8965, 0.00654738, 17.7646, 0, 19.2565, 0.00789479],
[0, 0, 0, 0, 0, 0, 0, 0],
[85.8965, 0, 100.022, 0.00574115, 19.776, 0, 22.1982, 0.00692264],
[0.00654738, 0, 0.00574115, 1.85787e-06, 0.00187661, 0, 0.00149559, 2.24021e-06],
[17.7646, 0, 19.776, 0.00187661, 4.26983, 0, 4.49705, 0.0022628],
[0, 0, 0, 0, 0, 0, 0, 0],
[19.2565, 0, 22.1982, 0.00149559, 4.49705, 0, 4.96771, 0.00180337],
[0.00789479, 0, 0.00692264, 2.24021e-06, 0.0022628, 0, 0.00180337, 2.70123e-06]]

 Tot. Cov. (reco space) 
[[1588.5, 0, 210.952, 1.66991, 431.738, 0, 45.3321, 2.57081],
[0, 0.0290603, 0, 0, 0, 0, 0, 0],
[210.952, 0, 1238.91, -0.504553, 96.7118, 0, 299.964, -2.26757],
[1.66991, 0, -0.504553, 0.146163, 0.828382, 0, -0.33933, 0.0126406],
[431.738, 0, 96.7118, 0.828382, 271.809, 0, 21.1352, 1.15567],
[0, 0, 0, 0, 0, 0.0290603, 0, 0],
[45.3321, 0, 299.964, -0.33933, 21.1352, 0, 203.212, -0.909511],
[2.57081, 0, -2.26757, 0.0126406, 1.15567, 0, -0.909511, 0.176843]]

-------------------------------------------------------------------------------

 Stat. Cov. (unfolded space) 
[[1.13286e-06, 1.16136e-06],
[1.16136e-06, 1.19059e-06]]

 MC Stat. Cov. (unfolded space) 
[[8.18163e-08, 8.3878e-08],
[8.3878e-08, 8.59932e-08]]

 Dirt Cov. (unfolded space) 
[[5.17064e-09, 5.28873e-09],
[5.28873e-09, 5.40956e-09]]

 Flux Cov. (unfolded space) 
[[8.43766e-07, 8.65677e-07],
[8.65677e-07, 8.88158e-07]]

 Det. Cov. (unfolded space) 
[[4.5751e-07, 4.6854e-07],
[4.6854e-07, 4.79873e-07]]

 XSec. Cov. (unfolded space) 
[[7.73585e-07, 7.93689e-07],
[7.93689e-07, 8.14319e-07]]

 RW Cov. (unfolded space) 
[[1.47929e-07, 1.51843e-07, ],
[1.51843e-07, 1.55861e-07, ]]

 RW corr Cov. (unfolded space) 
[[3.94716e-07, 4.05108e-07, ],
[4.05108e-07, 4.15773e-07, ]]

 Tot. Cov. (unfolded space) 
[[3.83735e-06, 3.93538e-06],
[3.93538e-06, 4.03598e-06]]

