x = [0.5, 1.5, 2.5, 3.5, 4.5, 5.5, 6.5, 7.5]
GENIE_y = [0.631005, 1.35561, 1.28272, 0.958548, 0.762624, 0.625336, 0.403318, 0.0908766]
y = [0.713084, 1.32746, 1.19761, 0.94969, 0.78512, 0.511142, 0.239132, 0.0643863]
yerr_stat = [0.0720649, 0.110565, 0.0851262, 0.0715357, 0.0812957, 0.0413854, 0.0499474, 0.0129276]
yerr_tot = [0.140773, 0.216582, 0.179222, 0.140291, 0.140693, 0.0873993, 0.0868482, 0.0265986]
yerr_sys = [0.120928, 0.186234, 0.157715, 0.120682, 0.114828, 0.0769798, 0.0710484, 0.0232456]
chi2 = '9.33132'
