frac_err_stat = [0.101061, 0.0832909, 0.0710801, 0.0753254, 0.103546, 0.0809666, 0.20887, 0.200782]
frac_err_mcstat = [0.0482899, 0.0389294, 0.0337895, 0.0349844, 0.0482569, 0.0382401, 0.100366, 0.0960729]
frac_err_dirt = [0.00594914, 0.00584, 0.00465387, 0.00367803, 0.00389596, 0.00396603, 0.00839461, 0.0109725]
frac_err_flux = [0.0712179, 0.065234, 0.0640697, 0.0648049, 0.0669406, 0.081, 0.123457, 0.184804]
frac_err_det = [0.10819, 0.0828818, 0.0750303, 0.0746114, 0.0961563, 0.0827844, 0.201461, 0.225752]
frac_err_geant4 = [0.0152526, 0.0276352, 0.0275276, 0.0182685, 0.0158882, 0.0306704, 0.0524158, 0.0280788]
frac_err_genie = [0.0714229, 0.0518695, 0.0543992, 0.0505445, 0.0520939, 0.0614772, 0.107852, 0.15619]
frac_err_rw = [0.0585776, 0.052215, 0.0440432, 0.0394133, 0.0411352, 0.0458224, 0.0769754, 0.0902167]
frac_err_rw_cor = [0.029145, 0.0287638, 0.0280714, 0.0265022, 0.0257189, 0.0311341, 0.0446916, 0.0505495]
