GENIE_y = [2.03364]
y = [1.24667]
yerr_stat = [0.153759]
yerr_tot = [0.404139]
yerr_sys = [0.373747]
