frac_err_stat = [0.0162364, 0.01628, 0.0170526, 0.0217061, 0.0385149, 0.0920626, 0.480571, -0.367945, 0.0317446, 0.0175972, 0.0135439, 0.0198001, 0.0258504, 0.021367, 0.032335, 0.0655737]
frac_err_mcstat = [0.0107177, 0.0107427, 0.0112471, 0.0141545, 0.0247317, 0.0587196, 0.305946, -0.23374, 0.0213743, 0.0119768, 0.00952773, 0.0131689, 0.0172793, 0.0144515, 0.0211838, 0.0421475]
frac_err_dirt = [0.00482765, 0.00503625, 0.00501298, 0.0051812, 0.00657397, 0.0123183, 0.0577842, -0.0401238, 0.00323885, 0.00206262, 0.00125241, 0.0013308, 0.00154108, 0.00125721, 0.00326319, 0.00499238]
frac_err_flux = [0.0291602, 0.0295388, 0.0300769, 0.0326654, 0.0420958, 0.0769382, 0.35715, -0.265305, 0.0615831, 0.0490781, 0.050792, 0.0490186, 0.0449272, 0.0457369, 0.0543558, 0.0860252]
frac_err_det = [0.0330676, 0.0329122, 0.0346971, 0.0462175, 0.0847595, 0.204266, 1.07103, -0.825908, 0.0694388, 0.0397906, 0.0308121, 0.040134, 0.0515577, 0.042577, 0.0671422, 0.152998]
frac_err_xs = [0.0304998, 0.030835, 0.0310678, 0.0331785, 0.0490777, 0.11344, 0.59518, -0.453659, 0.0726837, 0.0340016, 0.0356977, 0.0468258, 0.0443242, 0.0422513, 0.0547233, 0.060549]
frac_err_rw = [0.0115225, 0.0117025, 0.0121742, 0.0131511, 0.0154559, 0.0221608, 0.068914, -0.029499, 0.0236759, 0.0192896, 0.0205859, 0.0201548, 0.017629, 0.0157801, 0.0156579, 0.0151103]
frac_err_rw_cor = [0.0115432, 0.0117374, 0.0122857, 0.0135288, 0.0165932, 0.025506, 0.0858747, -0.0396955, 0.0236375, 0.019293, 0.0206519, 0.0204543, 0.0185789, 0.0171486, 0.0157743, 0.0214997]
