GENIE_y = [0.106799, 0.0716781, 0.0598956, 0.0434948, 0.0292008, 0.0189748, 0.0114306, 0.00328316, 0.244991, 0.383855, 0.475809, 0.364804, 0.238334, 0.146155, 0.0657596, 0.00921368]
y = [0.242089, 0.158238, 0.125987, 0.0831999, 0.0463144, 0.0205829, 0.0039544, -0.00254396, 0.248893, 0.473078, 0.541788, 0.412916, 0.299606, 0.201097, 0.0909178, 0.012548]
yerr_stat = [0.00393066, 0.00257612, 0.0021484, 0.00180594, 0.0017838, 0.00189492, 0.00190037, 0.000936038, 0.007901, 0.00832486, 0.00733792, 0.00817578, 0.00774494, 0.00429683, 0.00293983, 0.000822818]
yerr_tot = [0.0144075, 0.00947725, 0.00778196, 0.00609023, 0.00548339, 0.00558892, 0.00554874, 0.00273093, 0.0319627, 0.0376973, 0.0417198, 0.0359925, 0.0272401, 0.0167043, 0.0101471, 0.00254902]
yerr_sys = [0.013861, 0.0091204, 0.00747953, 0.00581631, 0.00518513, 0.00525788, 0.00521317, 0.0025655, 0.0309707, 0.0367666, 0.0410694, 0.0350516, 0.0261159, 0.0161422, 0.00971191, 0.00241257]
chi2 = '144.019'
chi2_ch1 = '107.019'
chi2_ch2 = '31.0632'
