frac_err_stat = [0.577741, 0.42387, 0.284022, 0.182468, 0.163914, 0.172288, 0.213509, 0.223438, 0.277335, 0.430821, 0.967277]
frac_err_mcstat = [0.165263, 0.12046, 0.0799675, 0.0498614, 0.0435064, 0.0445649, 0.0581117, 0.0618105, 0.0758176, 0.122611, 0.284509]
frac_err_dirt = [0.0120079, 0.0123212, 0.0096367, 0.004996, 0.0032473, 0.00273443, 0.0028226, 0.00289413, 0.00355101, 0.005355, 0.01246]
frac_err_flux = [0.135969, 0.118443, 0.0894203, 0.0662462, 0.0535997, 0.0515282, 0.064557, 0.0649459, 0.0616535, 0.0840099, 0.160951]
frac_err_det = [0.168533, 0.11924, 0.0810522, 0.0506054, 0.0438076, 0.0420217, 0.0616084, 0.0732411, 0.0915391, 0.177008, 0.456424]
frac_err_xs = [0.350387, 0.327821, 0.265284, 0.198591, 0.157241, 0.145824, 0.169275, 0.148162, 0.121087, 0.153351, 0.292022]
