x = [0.5, 1.5, 2.5, 3.5, 4.5, 5.5, 6.5, 7.5, 8.5, 9.5, 10.5, 11.5, 12.5, 13.5, 14.5, 15.5]
GENIE_y = [0.341977, 0.612786, 0.5434, 0.404204, 0.285411, 0.185572, 0.110852, 0.0407398, 0.238823, 0.429962, 0.366715, 0.262246, 0.197204, 0.140151, 0.0781376, 0.0183922]
y = [0.537955, 0.918387, 0.791138, 0.592701, 0.426462, 0.2762, 0.161284, 0.0608677, 0.298962, 0.505079, 0.437628, 0.338333, 0.255379, 0.139686, 0.0442696, 0.00670774]
yerr_stat = [0.0469603, 0.0758124, 0.058703, 0.0379788, 0.0290447, 0.0252778, 0.0226709, 0.0118128, 0.0486594, 0.0759305, 0.0584427, 0.0473234, 0.0402682, 0.0269192, 0.0213793, 0.0086493]
yerr_tot = [0.0884316, 0.138742, 0.107739, 0.0729562, 0.0556745, 0.0478338, 0.0429572, 0.0221109, 0.101911, 0.162588, 0.134737, 0.104815, 0.0845903, 0.0614933, 0.0452104, 0.0172141]
yerr_sys = [0.0749325, 0.116197, 0.0903416, 0.0622913, 0.047498, 0.0406092, 0.0364878, 0.018691, 0.0895438, 0.143769, 0.121403, 0.0935241, 0.0743908, 0.0552882, 0.039836, 0.0148833]
chi2 = '16.1479'
chi2_ch1 = '8.46508'
chi2_ch2 = '5.73364'
