frac_err_stat = [0.182613, 0.0727514, 0.115846, 0.392854, -0.441139, 0.121898, 0.078246, 0.0709951, 0.136256, 1.73699, 0.171257, 0.0970019, 0.0720673, 0.0745143, 0.127676, 0.199889, 0.115979, 0.0838848, 0.0733027, 0.0978634]
frac_err_mcstat = [0.0868966, 0.0345605, 0.0539489, 0.20471, -0.246583, 0.0612561, 0.0390101, 0.033685, 0.0656267, 0.929238, 0.0833981, 0.0468468, 0.0333571, 0.0342162, 0.0661375, 0.0965826, 0.0556082, 0.0386677, 0.033965, 0.0492656]
frac_err_dirt = [0.00654494, 0.00253588, 0.00306211, 0.0102818, -0.0100489, 0.00459311, 0.00348148, 0.00251658, 0.00385215, 0.0691159, 0.00667438, 0.00387244, 0.00239825, 0.00214796, 0.003391, 0.00763942, 0.0044853, 0.00270806, 0.00195648, 0.00256261]
frac_err_flux = [0.0191292, 0.00765536, 0.0105244, 0.0475442, -0.051435, 0.0249765, 0.0119609, 0.00883212, 0.0115243, 0.227975, 0.0327327, 0.0179219, 0.00897444, 0.00735194, 0.0190584, 0.0371325, 0.0211331, 0.0098755, 0.00805351, 0.0230543]
frac_err_det = [0.15894, 0.0644893, 0.0997057, 0.413585, -0.542404, 0.118629, 0.0722266, 0.0652208, 0.112487, 1.71129, 0.166419, 0.0931365, 0.0633123, 0.0637815, 0.114198, 0.197144, 0.112868, 0.0724469, 0.063457, 0.0877409]
frac_err_geant4 = [0.0141566, 0.00391058, 0.00435247, 0.0338901, -0.0374619, 0.00912937, 0.00467205, 0.00493865, 0.00513, 0.094645, 0.0132462, 0.00986025, 0.00767068, 0.0069829, 0.00549006, 0.0163497, 0.0120029, 0.00898518, 0.00857645, 0.00819666]
frac_err_genie = [0.122336, 0.0609478, 0.0678374, 0.182075, -0.133021, 0.084147, 0.06335, 0.0662032, 0.0843385, 1.01208, 0.112192, 0.0803663, 0.0611412, 0.0569722, 0.0901832, 0.136508, 0.0937308, 0.0634458, 0.0599771, 0.094723]
frac_err_rw = [0.0600141, 0.0239597, 0.0271251, 0.0885041, -0.0766666, 0.048814, 0.0271469, 0.0263913, 0.0403938, 0.374782, 0.0467868, 0.0321069, 0.0289528, 0.0294642, 0.0316848, 0.0466397, 0.034267, 0.0304012, 0.0283407, 0.0319559]
frac_err_rw_cor = [0.0502454, 0.0200727, 0.00468602, 0.012868, -0.0192743, 0.0242873, 0.0126668, 0.00655377, 0.0177557, 0.230638, 0.0117968, 0.00850542, 0.00618125, 0.00915368, 0.0101985, 0.00937221, 0.0066322, 0.00531217, 0.00782655, 0.0118691]
