x = [0.5, 1.5, 2.5, 3.5, 4.5, 5.5, 6.5, 7.5, 8.5, 9.5, 10.5, 11.5, 12.5, 13.5, 14.5, 15.5, 16.5, 17.5, 18.5, 19.5]
GENIE_y = [0.282762, 0.456485, 0.215907, 0.06009, 0.00297995, 0.256598, 0.535723, 0.491071, 0.277812, 0.037722, 0.26064, 0.582252, 0.755197, 0.64781, 0.166403, 0.298651, 0.632504, 0.908107, 0.961805, 0.416866]
y = [0.227007, 0.546998, 0.259222, 0.0376888, -0.00766096, 0.270229, 0.642091, 0.558196, 0.254302, 0.00538339, 0.299333, 0.676431, 0.884529, 0.727483, 0.153999, 0.346648, 0.741538, 1.09475, 1.09955, 0.389694]
yerr_stat = [0.0414544, 0.0397949, 0.0300297, 0.0148062, 0.00337955, 0.0329405, 0.050241, 0.0396292, 0.0346503, 0.00935089, 0.0512629, 0.0656151, 0.0637456, 0.0542079, 0.019662, 0.0692913, 0.0860032, 0.091833, 0.0805997, 0.0381367]
yerr_tot = [0.0672883, 0.0679203, 0.0462045, 0.0241902, 0.00582285, 0.0563387, 0.0860223, 0.0698522, 0.0538015, 0.0153146, 0.0847627, 0.11374, 0.108602, 0.089384, 0.0320681, 0.115362, 0.148117, 0.150678, 0.135372, 0.0679929]
yerr_sys = [0.0530024, 0.0550413, 0.0351151, 0.0191296, 0.00474175, 0.0457053, 0.069826, 0.0575226, 0.0411577, 0.0121284, 0.0675043, 0.0929062, 0.0879251, 0.0710704, 0.0253332, 0.0922343, 0.12059, 0.119459, 0.108763, 0.0562906]
chi2 = '27.0891'
