x = [0.5, 1.5]
GENIE_y = [0.635541, 0.827988]
y = [0.619994, 0.603751]
yerr_stat = [0.0216972, 0.0305119]
yerr_tot = [0.199908, 0.269663]
yerr_sys = [0.198727, 0.267931]
chi2 = '1.4308'
chi2_ch1 = '0.00604787'
chi2_ch2 = '0.691468'
