frac_err_stat = [0.0312304]
frac_err_mcstat = [1.86089e-159]
frac_err_dirt = [0.00859239]
frac_err_flux = [0.153616]
frac_err_det = [0.0690082]
frac_err_geant4 = [0.026422]
frac_err_genie = [0.227223]
frac_err_rw = [0.0733252]
frac_err_rw_cor = [0.134751]
