x = [0.5]
GENIE_y = [0.314263]
y = [0.362052]
yerr_stat = [0.011307]
yerr_tot = [0.11747]
yerr_sys = [0.116925]
chi2 = '0.165503'
