frac_err_stat = [0.10071, 0.0920218, 0.0825249, 0.079671, 0.0845385, 0.109769, 0.17704, 0.233905, 0.170913, 0.150539, 0.129251, 0.14204, 0.179155, 0.187499, 0.701455, 0.713372]
frac_err_mcstat = [0.0482638, 0.0439031, 0.0393019, 0.037721, 0.0393934, 0.0516949, 0.084749, 0.112651, 0.0823178, 0.0706621, 0.0620371, 0.0670675, 0.0851428, 0.0919787, 0.354157, 0.369828]
frac_err_dirt = [0.00889456, 0.00806209, 0.00672149, 0.00513879, 0.0041521, 0.00492697, 0.00951217, 0.013544, 0.00643871, 0.00638069, 0.00483916, 0.00509766, 0.00640122, 0.00655385, 0.0162644, 0.0157384]
frac_err_flux = [0.0383606, 0.038806, 0.0397963, 0.0429724, 0.0507267, 0.0662273, 0.0903349, 0.101194, 0.121384, 0.113884, 0.111663, 0.107769, 0.110424, 0.168251, 0.43817, 0.520757]
frac_err_det = [0.104852, 0.0954607, 0.0865849, 0.084824, 0.0908368, 0.113747, 0.180269, 0.247229, 0.18244, 0.140429, 0.130081, 0.135181, 0.164874, 0.197743, 0.720307, 0.835787]
frac_err_geant4 = [0.0491799, 0.0476285, 0.0455037, 0.0451678, 0.0495109, 0.0583655, 0.0651232, 0.0574226, 0.0629863, 0.0510113, 0.0461545, 0.0458294, 0.0462049, 0.0537088, 0.12427, 0.176464]
frac_err_genie = [0.0579742, 0.055232, 0.052906, 0.0566562, 0.0674423, 0.0881218, 0.123827, 0.162287, 0.111414, 0.106432, 0.121495, 0.104029, 0.10024, 0.186472, 0.543886, 0.492954]
frac_err_rw = [0.0463132, 0.0461478, 0.0454183, 0.0454329, 0.0484571, 0.0594048, 0.0765335, 0.0738887, 0.104113, 0.106128, 0.101362, 0.0917197, 0.0878218, 0.117453, 0.273552, 0.245457]
frac_err_rw_cor = [0.0527261, 0.0490157, 0.0433043, 0.0340194, 0.0209215, 0.0474574, 0.107576, 0.106796, 0.144511, 0.170932, 0.181007, 0.159222, 0.150099, 0.265344, 0.706184, 0.499932]
