x = [0.5, 1.5, 2.5, 3.5, 4.5, 5.5, 6.5, 7.5, 8.5, 9.5, 10.5, 11.5, 12.5, 13.5, 14.5, 15.5]
GENIE_y = [0.277242, 0.491238, 0.441696, 0.35601, 0.298909, 0.234577, 0.154351, 0.0476779, 0.420009, 0.8541, 0.758944, 0.536507, 0.420231, 0.339015, 0.206743, 0.0404018]
y = [0.503213, 0.860287, 0.739708, 0.547229, 0.382873, 0.229509, 0.12471, 0.0457087, 0.297602, 0.506561, 0.443959, 0.364536, 0.302622, 0.16003, 0.0444905, 0.0145218]
yerr_stat = [0.0506784, 0.0791651, 0.0610443, 0.0435983, 0.0323675, 0.025193, 0.0220787, 0.0106915, 0.0508639, 0.0762573, 0.057382, 0.0517788, 0.054216, 0.0300055, 0.0312081, 0.0103594]
yerr_tot = [0.0951073, 0.151299, 0.119934, 0.0870594, 0.0655663, 0.050816, 0.0425256, 0.0196838, 0.108186, 0.171631, 0.147175, 0.116008, 0.105349, 0.0772349, 0.06619, 0.0215392]
yerr_sys = [0.0804803, 0.128935, 0.103237, 0.075356, 0.05702, 0.0441314, 0.036345, 0.0165271, 0.095483, 0.15376, 0.135528, 0.103812, 0.0903276, 0.0711681, 0.058371, 0.0188843]
chi2 = '17.8645'
chi2_ch1 = '10.6703'
chi2_ch2 = '12.0719'
chi2 = [chi2_ch1,chi2_ch2]
