frac_err_stat = [0.124078, 0.114402, 0.0975619, 0.0790817, 0.0667811, 0.0651143, 0.0701992, 0.0765857, 0.0816363, 0.0843425, 0.207138, 0.189599, 0.172021, 0.16197, 0.159455, 0.161604, 0.166422, 0.17212, 0.177186, 0.180125]
frac_err_mcstat = [0.0586264, 0.0541051, 0.0461857, 0.0373401, 0.0311364, 0.0298261, 0.0318414, 0.0346264, 0.0368749, 0.0380866, 0.094165, 0.0862172, 0.0781631, 0.0733614, 0.0719786, 0.0727564, 0.0748392, 0.0774067, 0.0797212, 0.0810707]
frac_err_dirt = [0.00589321, 0.00537799, 0.00450349, 0.00361104, 0.00318533, 0.00340503, 0.0039071, 0.00439962, 0.00477154, 0.00496946, 0.00682092, 0.00648027, 0.0061449, 0.00594151, 0.00587848, 0.00594471, 0.00610883, 0.0063104, 0.0064946, 0.00660281]
frac_err_flux = [0.0479048, 0.0468238, 0.044923, 0.0424676, 0.0397849, 0.0373134, 0.0354345, 0.0342777, 0.0336886, 0.0334515, 0.0390674, 0.0381596, 0.0385397, 0.0395924, 0.0405251, 0.0412454, 0.0421996, 0.0436139, 0.0450279, 0.0458868]
frac_err_det = [0.135776, 0.126353, 0.110558, 0.0944588, 0.0850533, 0.0847337, 0.0897424, 0.0957633, 0.100584, 0.103186, 0.222379, 0.204937, 0.187513, 0.177498, 0.174484, 0.175924, 0.180188, 0.185579, 0.19045, 0.193295]
frac_err_geant4 = [0.0229382, 0.0226849, 0.0222596, 0.021777, 0.0213104, 0.0208955, 0.0205849, 0.020373, 0.0202442, 0.0201811, 0.0163722, 0.0150033, 0.0141411, 0.0137944, 0.0135245, 0.0132084, 0.0130164, 0.0130427, 0.0131669, 0.0132621]
frac_err_genie = [0.151888, 0.145328, 0.133855, 0.120209, 0.107465, 0.0982967, 0.0938379, 0.0932371, 0.0944215, 0.0955019, 0.169262, 0.156545, 0.147765, 0.146662, 0.149737, 0.153195, 0.156526, 0.160171, 0.163422, 0.165308]
frac_err_rw = [0.0641956, 0.0624324, 0.0594934, 0.056279, 0.0536674, 0.0520745, 0.0514275, 0.0513902, 0.0515856, 0.0517432, 0.135649, 0.12493, 0.114171, 0.106486, 0.101437, 0.0984519, 0.0975556, 0.0983842, 0.0997726, 0.100715]
frac_err_rw_cor = [0.0670444, 0.0591326, 0.0444118, 0.0260346, 0.0129258, 0.0208103, 0.0331257, 0.0425712, 0.0487383, 0.0517629, 0.382518, 0.366987, 0.356283, 0.348836, 0.340214, 0.330885, 0.324786, 0.323571, 0.324871, 0.326165]
