x = [0.5, 1.5, 2.5, 3.5, 4.5, 5.5, 6.5, 7.5, 8.5, 9.5, 10.5, 11.5, 12.5, 13.5, 14.5, 15.5, 16.5, 17.5, 18.5, 19.5]
GENIE_y = [0.0501398, 0.0596363, 0.0719943, 0.086251, 0.106277, 0.127166, 0.150358, 0.177143, 0.204238, 0.23593, 0.0224623, 0.0265847, 0.0335143, 0.0419487, 0.0542266, 0.068055, 0.0819791, 0.0942016, 0.107829, 0.120091]
y = [0.072285, 0.0865152, 0.105623, 0.128701, 0.162299, 0.199356, 0.241158, 0.288522, 0.335445, 0.388881, 0.0334767, 0.0401047, 0.0501645, 0.0619624, 0.0797743, 0.100548, 0.12122, 0.138203, 0.156486, 0.173039]
yerr_stat = [0.00896901, 0.00989753, 0.0103048, 0.0101779, 0.0108385, 0.0129809, 0.0169291, 0.0220967, 0.0273845, 0.0327992, 0.00693431, 0.00760382, 0.00862935, 0.010036, 0.0127204, 0.0162489, 0.0201736, 0.0237875, 0.027727, 0.0311687]
yerr_tot = [0.0193704, 0.0217549, 0.0235796, 0.0248085, 0.0277841, 0.0327313, 0.0405245, 0.050792, 0.0615437, 0.0730019, 0.0182267, 0.0205239, 0.0242867, 0.0290266, 0.036676, 0.0457371, 0.0551856, 0.0636636, 0.073142, 0.0816333]
yerr_sys = [0.0171689, 0.019373, 0.0212087, 0.0226246, 0.0255829, 0.0300472, 0.036819, 0.0457337, 0.0551155, 0.0652188, 0.0168561, 0.0190634, 0.0227019, 0.0272364, 0.0343995, 0.0427535, 0.0513661, 0.0590526, 0.0676829, 0.0754487]
chi2 = '19.4629'
chi2_ch1 = '12.6954'
chi2_ch2 = '9.62953'
