GENIE_y = [0.0096503, 0.058208, 0.208905, 0.290015, 0.267176, 0.200631, 0.115959, 0.033012]
y = [0.020564, 0.112049, 0.334169, 0.382411, 0.300873, 0.186771, 0.0736819, 0.00441136]
yerr_stat = [0.00249412, 0.0113447, 0.0215488, 0.0162995, 0.0181029, 0.0172159, 0.00950725, 0.00428403]
yerr_tot = [0.00470721, 0.021624, 0.043479, 0.0373615, 0.0435314, 0.0405331, 0.0215768, 0.0100636]
yerr_sys = [0.00399214, 0.0184091, 0.0377633, 0.0336185, 0.0395887, 0.0366953, 0.0193693, 0.00910619]
chi2 = '31.9959'
