frac_err_stat = [0.121286, 0.101248, 0.0644847, 0.0426231, 0.0601678, 0.0921763, 0.129031, 0.971138]
frac_err_mcstat = [0.0716324, 0.0596112, 0.0371284, 0.0236358, 0.0350467, 0.0535583, 0.0762058, 0.689268]
frac_err_dirt = [0.0147165, 0.0124015, 0.00775176, 0.00377263, 0.00335357, 0.00530403, 0.00838508, 0.0411639]
frac_err_flux = [0.0456208, 0.0431078, 0.0412938, 0.0465158, 0.0585308, 0.0778459, 0.137323, 1.15853]
frac_err_det = [0.112277, 0.0934936, 0.0584868, 0.0397786, 0.0673313, 0.105434, 0.15411, 1.24292]
frac_err_xs = [0.0748219, 0.06463, 0.0469855, 0.0412668, 0.0550323, 0.0734788, 0.0869632, 0.522329]
frac_err_rw = [0.10089, 0.0838291, 0.0560404, 0.0363026, 0.0633389, 0.103486, 0.103666, 0.682366]
frac_err_rw_cor = [0.0433031, 0.0384934, 0.0292896, 0.0197169, 0.0327717, 0.0491919, 0.0480651, 0.398614]
