x = [0.5, 1.5, 2.5, 3.5, 4.5, 5.5, 6.5, 7.5, 8.5, 9.5, 10.5, 11.5, 12.5, 13.5, 14.5, 15.5, 16.5, 17.5, 18.5, 19.5]
GENIE_y = [0.0470842, 0.0577592, 0.0740772, 0.0955134, 0.126814, 0.163793, 0.207473, 0.254916, 0.304843, 0.36443, 0.0440007, 0.0526063, 0.0674296, 0.0859668, 0.114911, 0.148051, 0.185141, 0.219393, 0.254784, 0.289453]
y = [0.0706314, 0.085507, 0.10677, 0.133215, 0.171528, 0.216109, 0.267844, 0.322305, 0.379043, 0.449035, 0.0445764, 0.0517733, 0.0618553, 0.0731921, 0.0922702, 0.114207, 0.138149, 0.157677, 0.177265, 0.197715]
yerr_stat = [0.00914646, 0.0100698, 0.0104559, 0.010202, 0.0108516, 0.0136057, 0.0186714, 0.0248945, 0.0315227, 0.0387976, 0.00793889, 0.00828006, 0.00863804, 0.00926169, 0.0115626, 0.015138, 0.0197371, 0.0243046, 0.0291214, 0.0336766]
yerr_tot = [0.0157685, 0.0175684, 0.018797, 0.0193826, 0.0217105, 0.0270513, 0.0361618, 0.0476692, 0.0602428, 0.0741671, 0.0178755, 0.0190404, 0.0205602, 0.0224017, 0.0271802, 0.0337151, 0.0418555, 0.0498632, 0.0584761, 0.0669105]
yerr_sys = [0.0128447, 0.0143961, 0.0156205, 0.0164804, 0.0188039, 0.0233807, 0.0309686, 0.0406523, 0.0513372, 0.06321, 0.0160159, 0.0171458, 0.0186576, 0.0203974, 0.0245981, 0.0301256, 0.0369097, 0.0435388, 0.0507089, 0.0578178]
chi2 = '22.8531'
chi2_ch1 = '12.2927'
chi2_ch2 = '12.0859'
