frac_err_stat = [0.129496, 0.117766, 0.0979291, 0.076583, 0.0632642, 0.0629576, 0.0697098, 0.077239, 0.0831639, 0.0864023, 0.178096, 0.159929, 0.139649, 0.126539, 0.125312, 0.132549, 0.142868, 0.154141, 0.164282, 0.170329]
frac_err_mcstat = [0.0632797, 0.0576826, 0.0481814, 0.0378166, 0.0309463, 0.0300957, 0.0328499, 0.0362308, 0.0389724, 0.040487, 0.08528, 0.0767508, 0.0674188, 0.0613813, 0.0606638, 0.0637602, 0.0684269, 0.0738087, 0.0787483, 0.0817124]
frac_err_dirt = [0.00654376, 0.00594661, 0.0049736, 0.00400681, 0.00356304, 0.00380499, 0.00430166, 0.00477183, 0.00513421, 0.00533256, 0.00557998, 0.00531793, 0.00500631, 0.00468705, 0.00456755, 0.00470031, 0.00495032, 0.00525204, 0.00554933, 0.00573441]
frac_err_flux = [0.0135458, 0.0130471, 0.012401, 0.011977, 0.0120679, 0.0128144, 0.0141344, 0.0157229, 0.0170975, 0.0179038, 0.0263111, 0.0221144, 0.0168971, 0.0135508, 0.0139968, 0.017333, 0.0219315, 0.0269485, 0.0312244, 0.0336703]
frac_err_det = [0.129044, 0.117925, 0.0994346, 0.0800359, 0.0679061, 0.0668758, 0.0723909, 0.0791727, 0.0847723, 0.0878738, 0.178226, 0.161756, 0.145523, 0.136095, 0.13497, 0.139469, 0.146733, 0.156158, 0.165072, 0.170486]
frac_err_geant4 = [0.0107622, 0.0107635, 0.0107928, 0.0109102, 0.0111167, 0.0114438, 0.0118912, 0.0123551, 0.0127311, 0.0129332, 0.0233649, 0.0218981, 0.021571, 0.0221142, 0.0224709, 0.0223928, 0.0221726, 0.0222275, 0.0223675, 0.0224671]
frac_err_genie = [0.0962346, 0.0901987, 0.0805954, 0.0710395, 0.0648859, 0.0642729, 0.0690773, 0.0768143, 0.0840376, 0.088257, 0.13959, 0.132043, 0.127014, 0.128059, 0.136726, 0.148041, 0.158144, 0.167659, 0.175458, 0.179907]
frac_err_rw = [0.0407649, 0.0398873, 0.038796, 0.0381939, 0.0384558, 0.0394797, 0.0409126, 0.0423939, 0.0435683, 0.0442046, 0.0897564, 0.0839234, 0.0777147, 0.0728167, 0.0703772, 0.0704308, 0.0724988, 0.0761327, 0.0796656, 0.0817731]
frac_err_rw_cor = [0.0339105, 0.0326163, 0.0299861, 0.026174, 0.021861, 0.0180971, 0.0156085, 0.0144047, 0.0140454, 0.0139717, 0.24747, 0.228349, 0.2057, 0.181601, 0.157491, 0.135509, 0.117924, 0.106109, 0.0987116, 0.0951236]
