x = [0.5, 1.5, 2.5, 3.5, 4.5, 5.5, 6.5, 7.5, 8.5, 9.5, 10.5, 11.5, 12.5, 13.5, 14.5, 15.5]
GENIE_y = [0.257267, 0.471385, 0.441029, 0.361658, 0.297717, 0.22723, 0.14952, 0.0478546, 0.424939, 0.856802, 0.767686, 0.546842, 0.424147, 0.337368, 0.206596, 0.0413585]
y = [0.525323, 0.898236, 0.767599, 0.565905, 0.397622, 0.240762, 0.126881, 0.0420485, 0.279798, 0.475092, 0.408195, 0.336404, 0.288964, 0.151671, 0.0352223, 0.010429]
yerr_stat = [0.049081, 0.0782916, 0.0601102, 0.041398, 0.0322342, 0.02462, 0.0207272, 0.0104484, 0.0533609, 0.0768582, 0.0590617, 0.051814, 0.0557666, 0.0299821, 0.0325102, 0.00975907]
yerr_tot = [0.0916373, 0.147037, 0.115084, 0.0811485, 0.0631233, 0.0490321, 0.0412308, 0.0199201, 0.110811, 0.175249, 0.149788, 0.116441, 0.10666, 0.0738956, 0.0639096, 0.0195547]
yerr_sys = [0.0773851, 0.12446, 0.0981383, 0.0697946, 0.0542725, 0.0424029, 0.0356421, 0.0169599, 0.0971174, 0.157496, 0.137652, 0.104278, 0.0909196, 0.0675399, 0.055023, 0.0169454]
chi2 = '20.3683'
chi2_ch1 = '12.5374'
chi2_ch2 = '11.8809'
chi2 = [chi2_ch1,chi2_ch2]
