frac_err_stat = [0.0934301, 0.0871615, 0.0783093, 0.0731537, 0.0810676, 0.102259, 0.16336, 0.248485, 0.190712, 0.161776, 0.14469, 0.154023, 0.192988, 0.197679, 0.922998, 0.93576]
frac_err_mcstat = [0.044488, 0.0413378, 0.0370685, 0.0344624, 0.0375595, 0.047145, 0.0770194, 0.118577, 0.093347, 0.077865, 0.0706064, 0.0733223, 0.0915876, 0.0964139, 0.458494, 0.477636]
frac_err_dirt = [0.00829118, 0.00742789, 0.00613968, 0.00465751, 0.00395684, 0.0051367, 0.0100351, 0.0163593, 0.00751199, 0.00760315, 0.00600763, 0.00580055, 0.00659097, 0.00728096, 0.0266418, 0.0226097]
frac_err_flux = [0.038149, 0.0386806, 0.0394591, 0.0414674, 0.0475738, 0.063388, 0.0964748, 0.128279, 0.129753, 0.122512, 0.124388, 0.121411, 0.119694, 0.172944, 0.49986, 0.645831]
frac_err_det = [0.0992793, 0.0917435, 0.0832321, 0.0795868, 0.0872105, 0.105059, 0.1697, 0.268905, 0.210043, 0.170316, 0.159056, 0.151505, 0.178621, 0.207945, 0.932775, 1.0776]
frac_err_geant4 = [0.0345303, 0.03437, 0.0343442, 0.0349851, 0.0377539, 0.0431796, 0.0503396, 0.0504961, 0.0457061, 0.0431322, 0.0388281, 0.0319374, 0.0293997, 0.0443334, 0.157027, 0.190579]
frac_err_genie = [0.0513782, 0.0493862, 0.0466079, 0.0483008, 0.0605055, 0.0829697, 0.1208, 0.174174, 0.124542, 0.110044, 0.118477, 0.104153, 0.0979982, 0.172417, 0.610859, 0.636026]
frac_err_rw = [0.0403914, 0.0397464, 0.0384118, 0.0383539, 0.0429903, 0.0555876, 0.075004, 0.0801475, 0.103018, 0.104235, 0.103512, 0.0959016, 0.0903977, 0.114442, 0.310052, 0.310848]
frac_err_rw_cor = [0.0536375, 0.0481844, 0.0402765, 0.0303326, 0.020014, 0.0433018, 0.109637, 0.142414, 0.150136, 0.186881, 0.204125, 0.178653, 0.160295, 0.266472, 0.784575, 0.543714]
