GENIE_y = [0.00237553, 0.00829287, 0.0163608, 0.0245536, 0.0345384, 0.0453017, 0.0597811, 0.079325, 0.109001, 0.176821]
y = [0.003405, 0.00988178, 0.0163625, 0.0229762, 0.0326059, 0.0430043, 0.0543982, 0.066642, 0.0845537, 0.131233]
yerr_stat = [0.000600626, 0.00107375, 0.00127123, 0.00148206, 0.00142235, 0.00192298, 0.00263828, 0.00256992, 0.0036715, 0.00747935]
yerr_tot = [0.00154452, 0.00275375, 0.00343422, 0.00417681, 0.004667, 0.00682101, 0.0101467, 0.0131118, 0.0187566, 0.033103]
yerr_sys = [0.00142295, 0.00253578, 0.00319027, 0.00390502, 0.00444497, 0.00654434, 0.00979767, 0.0128574, 0.0183937, 0.032247]
chi2 = '3.44265'
