frac_err_stat = [0.176395, 0.108659, 0.0776917, 0.0645042, 0.0436225, 0.0447161, 0.0484994, 0.0385632, 0.0434222, 0.0569928]
frac_err_mcstat = [0.0961664, 0.0570666, 0.0403925, 0.0341299, 0.0229373, 0.0240882, 0.0265998, 0.0208848, 0.0235678, 0.0319922]
frac_err_dirt = [0.00116558, 0.000661331, 0.000378262, 0.000449587, 0.000254456, 0.000273989, 0.000308474, 0.000243292, 0.000291239, 0.000361183]
frac_err_flux = [0.114439, 0.0929737, 0.0850246, 0.0807883, 0.0812848, 0.103988, 0.134052, 0.15973, 0.174888, 0.176717]
frac_err_det = [0.369378, 0.215366, 0.151585, 0.126602, 0.0856167, 0.0873922, 0.0949827, 0.0745908, 0.0903548, 0.127332]
frac_err_xs = [0.122871, 0.0787912, 0.0631269, 0.0543891, 0.0473232, 0.0476677, 0.0516036, 0.0571219, 0.0706975, 0.0906869]
frac_err_rw = [0.0215221, 0.0254313, 0.0304346, 0.0316159, 0.0306497, 0.0309284, 0.0319175, 0.0341687, 0.03871, 0.0431524]
frac_err_rw_cor = [0.0171556, 0.0266682, 0.0355674, 0.0347651, 0.030688, 0.0299726, 0.0325393, 0.0357626, 0.0390043, 0.0427476]
