frac_err_stat = [0.152446, 0.151857, 0.150735, 0.149195, 0.147389, 0.145494, 0.143698, 0.142211, 0.141184, 0.140736, 0.140887, 0.141569, 0.142647, 0.143939, 0.145255, 0.146417, 0.147279, 0.147739]
frac_err_mcstat = [0.0432366, 0.0430524, 0.0427003, 0.0422127, 0.0416297, 0.0409996, 0.0403749, 0.0398189, 0.0393787, 0.0390963, 0.0389862, 0.0390361, 0.0392128, 0.0394691, 0.0397527, 0.0400151, 0.0402148, 0.040323]
frac_err_dirt = [0.00261687, 0.00260692, 0.00258806, 0.00256207, 0.00253092, 0.00249638, 0.00246176, 0.00243049, 0.00240581, 0.00239031, 0.00238492, 0.00238885, 0.00239988, 0.00241526, 0.00243188, 0.00244713, 0.00245864, 0.00246486]
frac_err_flux = [0.0422218, 0.042242, 0.0422788, 0.0423277, 0.0423818, 0.0424308, 0.0424697, 0.0424991, 0.042524, 0.0425538, 0.0425963, 0.0426536, 0.0427219, 0.0427953, 0.042865, 0.0429244, 0.042967, 0.0429897]
frac_err_det = [0.0465774, 0.0463905, 0.0460349, 0.0455454, 0.0449655, 0.0443466, 0.0437421, 0.0432092, 0.0427865, 0.0425067, 0.0423809, 0.0423982, 0.0425308, 0.0427361, 0.0429681, 0.0431845, 0.0433496, 0.0434394]
frac_err_xs = [0.13943, 0.139201, 0.138748, 0.138086, 0.137235, 0.136213, 0.135054, 0.133814, 0.132553, 0.131346, 0.130249, 0.129298, 0.128503, 0.127865, 0.127371, 0.127015, 0.126783, 0.126671]
