GENIE_y = [0.128354, 0.145002, 0.173602, 0.192021, 0.207249, 0.235033, 0.276316, 0.289238, 0.337154, 0.376908, 0.416402, 0.46094, 0.505907, 0.55274, 0.590977, 0.744239, 0.797248, 0.919431]
y = [0.084541, 0.0955121, 0.114375, 0.126564, 0.136712, 0.155251, 0.182889, 0.191924, 0.224357, 0.251519, 0.278566, 0.30898, 0.339625, 0.371447, 0.397412, 0.500683, 0.536468, 0.618742]
yerr_stat = [0.012888, 0.0145041, 0.0172402, 0.0188828, 0.0201499, 0.0225882, 0.0262808, 0.0272937, 0.0316757, 0.0353977, 0.0392463, 0.0437421, 0.0484466, 0.0534658, 0.057726, 0.0733087, 0.0790107, 0.0914125]
yerr_tot = [0.01862, 0.0209766, 0.024982, 0.027433, 0.029358, 0.0329984, 0.0384684, 0.0399804, 0.0463604, 0.0516748, 0.0570552, 0.0632512, 0.0696345, 0.0763856, 0.0820175, 0.103685, 0.111392, 0.128662]
yerr_sys = [0.0134389, 0.0151542, 0.0180797, 0.0199001, 0.0213512, 0.0240556, 0.0280916, 0.0292145, 0.0338517, 0.0376469, 0.0414128, 0.0456875, 0.050019, 0.0545544, 0.058263, 0.0733246, 0.07852, 0.0905408]
chi2 = '0.000479676'
