frac_err_stat = [0.0984585, 0.0861437, 0.071567, 0.0615711, 0.0601269, 0.0636535, 0.0669158, 0.0690429, 0.070696, 0.0717206]
frac_err_mcstat = [0.0469851, 0.0413131, 0.0347239, 0.0300425, 0.0290667, 0.0303503, 0.0316183, 0.0325025, 0.0332423, 0.0337132]
frac_err_dirt = [0.00399284, 0.00377408, 0.00357343, 0.00347225, 0.00353644, 0.00366749, 0.00372581, 0.00373888, 0.00376313, 0.00378609]
frac_err_flux = [0.0711743, 0.0722023, 0.0739955, 0.0748377, 0.0754078, 0.0761378, 0.0770435, 0.078171, 0.0791601, 0.0797101]
frac_err_det = [0.100208, 0.0904628, 0.0798223, 0.0724405, 0.0703229, 0.0714108, 0.0727267, 0.0739186, 0.0750974, 0.0758928]
frac_err_geant4 = [0.0228801, 0.0221021, 0.0215845, 0.0208466, 0.0202705, 0.0200678, 0.0202318, 0.0204997, 0.0207463, 0.0208934]
frac_err_genie = [0.0772749, 0.0692659, 0.0601872, 0.0543562, 0.0527192, 0.0533194, 0.0546914, 0.0567228, 0.0587979, 0.060084]
frac_err_rw = [0.066641, 0.061826, 0.0548855, 0.0479096, 0.0427872, 0.0395194, 0.0375805, 0.0365611, 0.036054, 0.0358389]
frac_err_rw_cor = [0.0305641, 0.0307647, 0.0309012, 0.0302811, 0.0294168, 0.0287378, 0.0283692, 0.0283037, 0.0283768, 0.0284465]
