x = [0.5, 1.5, 2.5, 3.5, 4.5, 5.5, 6.5, 7.5, 8.5, 9.5]
GENIE_y = [0.111682, 0.133662, 0.170316, 0.2186, 0.2873, 0.367106, 0.452388, 0.535895, 0.622351, 0.708175]
y = [0.102408, 0.121817, 0.153201, 0.196021, 0.258191, 0.331794, 0.411713, 0.489609, 0.569569, 0.648664]
yerr_stat = [0.0100829, 0.0104938, 0.0109642, 0.0120692, 0.0155242, 0.0211199, 0.0275501, 0.033804, 0.0402662, 0.0465226]
yerr_tot = [0.0201968, 0.0219925, 0.0248182, 0.0291771, 0.037407, 0.0486688, 0.0615284, 0.0745549, 0.0882663, 0.101632]
yerr_sys = [0.0174998, 0.0193275, 0.0222649, 0.0265639, 0.0340336, 0.0438475, 0.0550158, 0.0664509, 0.0785466, 0.0903591]
chi2 = '8.78488'
