GENIE_y = [0.047634, 0.0573716, 0.0548584, 0.0475134, 0.0388135, 0.0320154, 0.0244484, 0.0181694, 0.0124318, 0.00682882, 0.00215329]
y = [0.0391464, 0.0502751, 0.0506695, 0.0438316, 0.0346271, 0.0277382, 0.0212139, 0.016392, 0.0116173, 0.00594032, 0.00132118]
yerr_stat = [0.00229737, 0.00235269, 0.00195184, 0.00154932, 0.00144881, 0.00149737, 0.00106854, 0.000735059, 0.000613533, 0.00041343, 0.000224577]
yerr_tot = [0.0074209, 0.00813401, 0.00734823, 0.00619527, 0.00535705, 0.00493548, 0.00381612, 0.00298667, 0.00236362, 0.00150187, 0.00067544]
yerr_sys = [0.00705633, 0.00778633, 0.00708427, 0.00599841, 0.00515742, 0.00470286, 0.00366347, 0.0028948, 0.0022826, 0.00144384, 0.000637012]
chi2 = '6.39603'
