frac_err_stat = [0.0586867, 0.0467962, 0.0385209, 0.0353471, 0.0418402, 0.0539822, 0.0503699, 0.0448426, 0.0528122, 0.0695973, 0.169983]
frac_err_mcstat = [0.0352246, 0.0269037, 0.0215919, 0.0201406, 0.0247885, 0.0316801, 0.0290125, 0.025576, 0.0302898, 0.0416294, 0.125092]
frac_err_dirt = [0.000211564, 0.000201616, 0.000176299, 0.000156619, 0.000185429, 0.000217427, 0.000206878, 0.000234772, 0.00033429, 0.000470151, 0.000831956]
frac_err_flux = [0.103009, 0.0982536, 0.096325, 0.0986959, 0.106578, 0.117256, 0.127741, 0.136278, 0.146095, 0.173538, 0.278623]
frac_err_det = [0.110387, 0.0853017, 0.0707497, 0.0665685, 0.0771866, 0.0966571, 0.0882092, 0.0836269, 0.103662, 0.133805, 0.319272]
frac_err_xs = [0.0740671, 0.0625433, 0.0524839, 0.0467085, 0.047144, 0.0503541, 0.0527588, 0.0548609, 0.0607684, 0.082325, 0.173866]
frac_err_rw = [0.0393831, 0.0350644, 0.0317701, 0.0309065, 0.0313135, 0.0319996, 0.0319184, 0.0308944, 0.0306463, 0.0356902, 0.0593528]
frac_err_rw_cor = [0.0376561, 0.0345103, 0.0321487, 0.0318355, 0.0323945, 0.0330216, 0.0328601, 0.0316816, 0.03109, 0.0356862, 0.0592177]
