x = [0.5, 1.5, 2.5, 3.5, 4.5, 5.5, 6.5, 7.5, 8.5, 9.5]
GENIE_y = [0.0875877, 0.107563, 0.141017, 0.18439, 0.248972, 0.324062, 0.410755, 0.499064, 0.591338, 0.693035]
y = [0.128918, 0.150639, 0.183653, 0.226456, 0.293228, 0.368262, 0.450302, 0.527404, 0.606523, 0.699678]
yerr_stat = [0.0112542, 0.0118673, 0.0121353, 0.0122986, 0.0147082, 0.0196108, 0.0259345, 0.0324123, 0.0395523, 0.0473747]
yerr_tot = [0.0214188, 0.0231738, 0.0251351, 0.0275023, 0.0337864, 0.0435494, 0.0560813, 0.069599, 0.0845619, 0.10089]
yerr_sys = [0.0182238, 0.0199046, 0.0220115, 0.0245992, 0.030417, 0.038884, 0.0497244, 0.0615911, 0.0747417, 0.0890755]
chi2 = '16.5374'
