frac_err_stat = [0.0349958, 0.0505373]
frac_err_mcstat = [0.0180096, 0.0262032]
frac_err_dirt = [0.00895504, 0.00514292]
frac_err_flux = [0.164797, 0.232116]
frac_err_det = [0.127424, 0.163104]
frac_err_geant4 = [0.032984, 0.0314704]
frac_err_genie = [0.217689, 0.303182]
frac_err_rw = [0.0580153, 0.0922589]
frac_err_rw_cor = [0.0842514, 0.119678]
