x = [0.5, 1.5]
GENIE_y = [0.158885, 0.206997]
y = [0.154999, 0.150938]
yerr_stat = [0.0054243, 0.00762798]
yerr_tot = [0.049977, 0.0674157]
yerr_sys = [0.0496818, 0.0669827]
chi2 = '1.4308'
chi2_ch1 = '0.00604787'
chi2_ch2 = '0.691468'
