GENIE_y = [0.0331641, 0.099135, 0.11822, 0.095237, 0.0753855, 0.0619054, 0.0367471, 0.0177634, 0.00887495, 0.00377498, 0.00136723]
y = [0.0318265, 0.0971497, 0.11787, 0.0844723, 0.0542077, 0.0362489, 0.0213282, 0.0129472, 0.00845351, 0.00403599, 0.00143378]
yerr_stat = [0.00313549, 0.00501345, 0.00570104, 0.00531999, 0.00443302, 0.00355986, 0.00266728, 0.00169434, 0.00137674, 0.000734933, 0.000709591]
yerr_tot = [0.00441508, 0.00755669, 0.00936536, 0.00861271, 0.0068518, 0.00511193, 0.00379988, 0.00245531, 0.00200553, 0.00111159, 0.00105838]
yerr_sys = [0.00310832, 0.0056541, 0.00743022, 0.00677321, 0.0052245, 0.00366868, 0.00270641, 0.001777, 0.00145833, 0.000833963, 0.000785268]
chi2 = '70.1077'
