frac_err_stat = [0.0985182, 0.0516054, 0.0483672, 0.0629791, 0.0817785, 0.098206, 0.125059, 0.130866, 0.162861, 0.182095, 0.49491]
frac_err_mcstat = [0.0517245, 0.0273459, 0.0257059, 0.0338515, 0.0435769, 0.0527705, 0.068099, 0.0705717, 0.0887626, 0.100711, 0.275518]
frac_err_dirt = [0.000661171, 0.000373548, 0.000377655, 0.000273423, 0.000480836, 0.000396385, 0.000735011, 0.000595623, 0.000501052, 0.000556696, 0.00104413]
frac_err_flux = [0.0175252, 0.0125025, 0.012018, 0.0136552, 0.0139111, 0.0146715, 0.0293432, 0.0412025, 0.0422484, 0.054749, 0.0935979]
frac_err_det = [0.0510621, 0.0247968, 0.025974, 0.0312852, 0.0373865, 0.044518, 0.0739094, 0.0787766, 0.11498, 0.134565, 0.431808]
frac_err_xs = [0.062396, 0.0428425, 0.049649, 0.0638983, 0.0758979, 0.0722597, 0.0708875, 0.075423, 0.0805311, 0.104311, 0.166462]
frac_err_rw = [0.00531956, 0.00411151, 0.00385414, 0.00424083, 0.00444823, 0.00453932, 0.00732634, 0.00956467, 0.0110949, 0.0149426, 0.0243991]
frac_err_rw_cor = [0.00514143, 0.00396308, 0.00372003, 0.00412911, 0.00427427, 0.00436541, 0.00784626, 0.0131705, 0.0163522, 0.0185563, 0.0230661]
