x = [0.5, 1.5, 2.5, 3.5, 4.5, 5.5, 6.5, 7.5, 8.5, 9.5, 10.5, 11.5, 12.5, 13.5, 14.5, 15.5, 16.5, 17.5, 18.5, 19.5]
GENIE_y = [0.038395, 0.0475842, 0.0618901, 0.0822788, 0.112151, 0.147655, 0.189091, 0.233387, 0.280366, 0.334236, 0.0753136, 0.0873492, 0.107297, 0.131632, 0.165832, 0.204608, 0.242355, 0.27553, 0.309038, 0.334394]
y = [0.0521631, 0.0638465, 0.0814436, 0.10641, 0.143419, 0.187834, 0.239799, 0.294697, 0.352433, 0.419035, 0.0439298, 0.0512044, 0.0637326, 0.0797511, 0.101578, 0.126727, 0.151798, 0.173562, 0.194932, 0.210953]
yerr_stat = [0.010023, 0.0110851, 0.0115738, 0.0114464, 0.0118036, 0.0140166, 0.0191582, 0.026048, 0.0335979, 0.0415141, 0.0080227, 0.00842242, 0.00900837, 0.0100476, 0.0125897, 0.0165354, 0.0211316, 0.0255632, 0.0299062, 0.0330536]
yerr_tot = [0.0175638, 0.0196397, 0.021078, 0.0219945, 0.0243074, 0.0294405, 0.0388504, 0.0510625, 0.0645904, 0.079135, 0.0168656, 0.0183728, 0.0210123, 0.0249194, 0.0317405, 0.0406017, 0.0499729, 0.0585833, 0.0670965, 0.0733782]
yerr_sys = [0.0144231, 0.0162124, 0.0176161, 0.0187813, 0.0212491, 0.0258898, 0.0337983, 0.043919, 0.0551643, 0.0673715, 0.0148353, 0.0163286, 0.0189833, 0.022804, 0.0291369, 0.0370821, 0.0452851, 0.0527117, 0.060063, 0.065512]
chi2 = '-3.05829e-05'
chi2_ch1 = '8.19052'
chi2_ch2 = '8.23904'
chi2 = [chi2_ch1,chi2_ch2]
