frac_err_stat = [0.192148, 0.173621, 0.142109, 0.107569, 0.0823012, 0.074622, 0.0798927, 0.0883891, 0.0953311, 0.0990709, 0.182626, 0.164486, 0.141346, 0.125987, 0.123941, 0.130481, 0.139209, 0.147285, 0.153418, 0.156687]
frac_err_mcstat = [0.0942349, 0.0853677, 0.0702118, 0.0533678, 0.0404967, 0.0356742, 0.0373385, 0.0409776, 0.0440991, 0.0458042, 0.0867677, 0.0785082, 0.068128, 0.0610328, 0.0597963, 0.0625094, 0.0663518, 0.0700549, 0.072941, 0.0744985]
frac_err_dirt = [0.00967715, 0.00878197, 0.00727142, 0.00564409, 0.00450225, 0.0042062, 0.00448316, 0.00491787, 0.00529396, 0.00550371, 0.00482971, 0.00452782, 0.00426615, 0.0041976, 0.0043033, 0.0045486, 0.00478796, 0.00494255, 0.00503303, 0.00507449]
frac_err_flux = [0.0498563, 0.0494933, 0.0494943, 0.0503927, 0.0520287, 0.0538826, 0.0556926, 0.057379, 0.0586978, 0.0594221, 0.114675, 0.114533, 0.113522, 0.11166, 0.111185, 0.111131, 0.111282, 0.112076, 0.113075, 0.113707]
frac_err_det = [0.191667, 0.174123, 0.144619, 0.112814, 0.0895887, 0.0812376, 0.0841076, 0.0906651, 0.0965024, 0.0997623, 0.161582, 0.148306, 0.133815, 0.126332, 0.128, 0.134745, 0.142259, 0.149095, 0.154289, 0.157058]
frac_err_geant4 = [0.0656351, 0.063703, 0.0602759, 0.0560683, 0.0518831, 0.0484155, 0.046038, 0.0446328, 0.043871, 0.0435355, 0.0614546, 0.0576863, 0.0532221, 0.0494167, 0.0471985, 0.0456327, 0.0442278, 0.0431254, 0.0424097, 0.0420513]
frac_err_genie = [0.117381, 0.106399, 0.0880735, 0.0690985, 0.0573089, 0.0566648, 0.0631549, 0.0710355, 0.0772368, 0.0805347, 0.122914, 0.110903, 0.100991, 0.100678, 0.108823, 0.118043, 0.124694, 0.129252, 0.132336, 0.133902]
frac_err_rw = [0.0790291, 0.074673, 0.0670551, 0.0580971, 0.0500004, 0.0441325, 0.040651, 0.0389483, 0.0382372, 0.037997, 0.125565, 0.116348, 0.102847, 0.0905033, 0.0822123, 0.0762968, 0.0720568, 0.0695002, 0.0681663, 0.0676014]
frac_err_rw_cor = [0.0626463, 0.058234, 0.0505101, 0.0413821, 0.0328931, 0.0264978, 0.0226884, 0.0209606, 0.0204116, 0.0203161, 0.180506, 0.176722, 0.172212, 0.169772, 0.170614, 0.171321, 0.17104, 0.17064, 0.170424, 0.170301]
