frac_err_stat = [0.416328, 0.316949, 0.152889, 0.141247, 0.19334, 0.268048]
frac_err_mcstat = [0.11297, 0.0859508, 0.0419149, 0.0402117, 0.0556041, 0.0928771]
frac_err_dirt = [0.0210981, 0.0166112, 0.00866771, 0.00488306, 0.00643375, 0.00427215]
frac_err_flux = [0.0491525, 0.0476658, 0.0462721, 0.0507768, 0.0736998, 0.213876]
frac_err_det = [0.120377, 0.0928066, 0.0460087, 0.0357276, 0.0519242, 0.112897]
frac_err_xs = [0.107168, 0.0882488, 0.0587788, 0.0503726, 0.0621484, 0.15616]
frac_err_rw = [0.177084, 0.128692, 0.0486439, 0.0681954, 0.0995485, 0.0880559]
frac_err_rw_cor = [0.0796481, 0.0598061, 0.0262253, 0.0270713, 0.0434661, 0.0568568]
