GENIE_y = [0.000967287, 0.00465141, 0.0171182, 0.0235087, 0.0177504, 0.00567455]
y = [0.00187331, 0.00838142, 0.027279, 0.0322397, 0.019154, 0.0033971]
yerr_stat = [0.000779911, 0.00265648, 0.00417067, 0.00455376, 0.00370324, 0.000910585]
yerr_tot = [0.000941569, 0.00321273, 0.00517396, 0.00588912, 0.00485708, 0.00141849]
yerr_sys = [0.000527533, 0.00180687, 0.00306192, 0.0037343, 0.00314281, 0.00108763]
chi2 = '10.0145'
