x = [0.5, 1.5, 2.5, 3.5, 4.5, 5.5, 6.5, 7.5, 8.5, 9.5, 10.5, 11.5, 12.5, 13.5, 14.5, 15.5, 16.5, 17.5, 18.5, 19.5]
GENIE_y = [0.265438, 0.416339, 0.178088, 0.0547289, 0.00181338, 0.265816, 0.557297, 0.442513, 0.239807, 0.0265981, 0.289228, 0.6293, 0.657514, 0.497659, 0.104956, 0.363742, 0.740317, 0.839842, 0.759768, 0.257762]
y = [0.274606, 0.687311, 0.281974, 0.0687292, -0.00717716, 0.324381, 0.846361, 0.67905, 0.345987, 0.0153998, 0.397144, 0.911314, 0.960812, 0.720979, 0.145518, 0.53936, 1.06937, 1.21562, 1.12207, 0.411028]
yerr_stat = [0.0480303, 0.0458278, 0.0297185, 0.0144759, 0.00329716, 0.0404333, 0.0443378, 0.0403246, 0.0265384, 0.00782954, 0.0635661, 0.0680795, 0.0615815, 0.0478889, 0.0177857, 0.101269, 0.103256, 0.0940834, 0.0779761, 0.0376805]
yerr_tot = [0.0800254, 0.0781732, 0.0490828, 0.0244658, 0.00595133, 0.0701416, 0.0857606, 0.0731083, 0.0475291, 0.0137001, 0.108197, 0.123827, 0.110064, 0.0848698, 0.0307655, 0.172053, 0.181642, 0.160756, 0.135634, 0.0682382]
yerr_sys = [0.064009, 0.0633314, 0.0390632, 0.0197237, 0.0049545, 0.0573149, 0.0734101, 0.0609816, 0.0394301, 0.0112423, 0.0875553, 0.103432, 0.091224, 0.0700681, 0.0251034, 0.139094, 0.149438, 0.130349, 0.110979, 0.0568914]
chi2 = '30.3534'
