frac_err_stat = [0.174906, 0.0666769, 0.105395, 0.210623, -0.459397, 0.124648, 0.0523864, 0.0593838, 0.0767034, 0.508419, 0.160058, 0.0747047, 0.0640932, 0.066422, 0.122223, 0.187757, 0.0965579, 0.0773953, 0.0694933, 0.0916737]
frac_err_mcstat = [0.0813493, 0.0309134, 0.0487595, 0.102219, -0.247501, 0.0597023, 0.0252559, 0.0275676, 0.0361879, 0.260501, 0.0759431, 0.0353163, 0.0292438, 0.030069, 0.0606531, 0.0885547, 0.0451316, 0.0348645, 0.0313018, 0.0433897]
frac_err_dirt = [0.00676338, 0.00258776, 0.00321629, 0.00617399, -0.013536, 0.0056912, 0.00257368, 0.00239131, 0.00258491, 0.0189137, 0.00741271, 0.00343355, 0.00243448, 0.00226966, 0.00391296, 0.00861245, 0.00435122, 0.00291519, 0.00240208, 0.00291741]
frac_err_flux = [0.0167629, 0.00803072, 0.0108648, 0.0223537, -0.0652576, 0.0227399, 0.0110847, 0.00983, 0.0120809, 0.0672509, 0.026437, 0.0141321, 0.0110667, 0.0101231, 0.0142607, 0.0280126, 0.0161529, 0.0120444, 0.00943161, 0.0164809]
frac_err_det = [0.170595, 0.0644953, 0.106236, 0.233303, -0.618465, 0.1286, 0.0544846, 0.0590512, 0.0780388, 0.587611, 0.169711, 0.0768599, 0.0619583, 0.0649429, 0.129744, 0.200872, 0.0995194, 0.0737708, 0.0669916, 0.0947525]
frac_err_geant4 = [0.014947, 0.00554734, 0.00634692, 0.0153866, -0.0453065, 0.0131582, 0.00740228, 0.00747644, 0.00736214, 0.0317151, 0.0131165, 0.00913886, 0.00826108, 0.00751582, 0.00733049, 0.01263, 0.00960549, 0.00906851, 0.00917644, 0.0100222]
frac_err_genie = [0.107757, 0.049021, 0.065556, 0.113579, -0.134418, 0.0820254, 0.0519767, 0.0531968, 0.0640879, 0.276253, 0.100376, 0.064581, 0.0559445, 0.0551579, 0.0765734, 0.119053, 0.0758353, 0.0591156, 0.0552984, 0.078328]
frac_err_rw = [0.0673602, 0.0260196, 0.0303972, 0.0584372, -0.0857608, 0.0561875, 0.0305299, 0.0277486, 0.0325119, 0.169986, 0.0541938, 0.0347108, 0.0302779, 0.0300256, 0.0466744, 0.0550582, 0.0379222, 0.0322144, 0.0295891, 0.0336412]
frac_err_rw_cor = [0.0437374, 0.0138971, 0.0117461, 0.019689, -0.029356, 0.0225646, 0.00993921, 0.00772409, 0.0147321, 0.0932763, 0.00981143, 0.00751731, 0.00879184, 0.014666, 0.0305489, 0.00952702, 0.00512349, 0.00848144, 0.014226, 0.025489]
