x = [0.5, 1.5, 2.5, 3.5, 4.5, 5.5, 6.5, 7.5]
GENIE_y = [0.654523, 1.3798, 1.3019, 0.978442, 0.780198, 0.633249, 0.407463, 0.0930019]
y = [0.577772, 1.0425, 0.959432, 0.792397, 0.655691, 0.406883, 0.17051, 0.0412914]
yerr_stat = [0.0682432, 0.104855, 0.0812871, 0.0669363, 0.0814196, 0.0419283, 0.0513773, 0.0126798]
yerr_tot = [0.123579, 0.180085, 0.150124, 0.121646, 0.131897, 0.0769765, 0.0814428, 0.0241978]
yerr_sys = [0.103028, 0.146411, 0.126213, 0.101573, 0.103767, 0.0645554, 0.0631926, 0.0206096]
chi2 = '18.6797'
