frac_err_stat = [0.118114, 0.10058, 0.0847242, 0.0844732, 0.124174, 0.103047, 0.301316, 0.307081]
frac_err_mcstat = [0.057765, 0.0478399, 0.0407772, 0.0397405, 0.0583814, 0.0489584, 0.146599, 0.152078]
frac_err_dirt = [0.00552549, 0.00551733, 0.00423831, 0.00349867, 0.00446034, 0.00446173, 0.0119321, 0.0151739]
frac_err_flux = [0.0280085, 0.0148302, 0.0127471, 0.0100843, 0.0095886, 0.0104445, 0.0259275, 0.116562]
frac_err_det = [0.121033, 0.0949501, 0.0840308, 0.0800489, 0.112659, 0.0961188, 0.284177, 0.33118]
frac_err_geant4 = [0.0102615, 0.00698408, 0.00762281, 0.00782951, 0.00616071, 0.00674245, 0.0143578, 0.0114506]
frac_err_genie = [0.113541, 0.090114, 0.0913393, 0.0909344, 0.093781, 0.115595, 0.184614, 0.319955]
