frac_err_stat = [0.0198146, 0.0143283, 0.0115751, 0.015529, 0.022645, 0.0192744, 0.0289832, 0.0559743]
frac_err_mcstat = [0.0131648, 0.00975431, 0.00805103, 0.0104236, 0.0151446, 0.013065, 0.0190673, 0.0361471]
frac_err_dirt = [0.00148439, 0.00120504, 0.000869032, 0.000920866, 0.0012069, 0.00104891, 0.0028951, 0.00404226]
frac_err_flux = [0.0502667, 0.0430941, 0.0481802, 0.0463221, 0.0417119, 0.0438606, 0.057394, 0.0906156]
frac_err_det = [0.0455932, 0.0322103, 0.0272176, 0.0318892, 0.0457611, 0.0387149, 0.0606469, 0.135668]
frac_err_xs = [0.0435471, 0.028044, 0.0277024, 0.0356005, 0.0352884, 0.0378048, 0.0531861, 0.0659095]
frac_err_rw = [0.0203881, 0.0173446, 0.0197272, 0.0192438, 0.0167085, 0.0158811, 0.0177753, 0.016885]
frac_err_rw_cor = [0.0203644, 0.0173709, 0.019886, 0.0197666, 0.0178051, 0.0173184, 0.0181062, 0.0204429]
