GENIE_y = [0.38122, 0.457186, 0.52996, 0.409419, 0.271973, 0.168816, 0.0786389, 0.0124935]
y = [0.45973, 0.633672, 0.639999, 0.494003, 0.366129, 0.233125, 0.0959134, 0.0145356]
yerr_stat = [0.00910936, 0.00907947, 0.00740807, 0.00767136, 0.00829098, 0.00449333, 0.00277987, 0.000813623]
yerr_tot = [0.0408626, 0.0429102, 0.0444038, 0.036775, 0.0293338, 0.0179782, 0.0103554, 0.00276255]
yerr_sys = [0.0398343, 0.0419386, 0.0437814, 0.035966, 0.0281378, 0.0174076, 0.00997528, 0.00264002]
chi2 = '36.9849'
