frac_err_stat = [0.300392, 0.294447, 0.2933, 0.308895, 0.362231, 0.528712, 1.07194, 2.62064, 0.322429, 0.305968, 0.311842, 0.346734, 0.435872, 0.696787, 1.18848, 1.1783]
frac_err_mcstat = [0.147323, 0.14448, 0.143671, 0.151125, 0.177954, 0.26187, 0.534347, 1.30848, 0.154071, 0.145828, 0.150447, 0.16986, 0.215326, 0.345358, 0.590434, 0.586327]
frac_err_dirt = [0.0235036, 0.0226455, 0.0229297, 0.024859, 0.0287349, 0.0398986, 0.0752619, 0.172544, 0.0245408, 0.0264714, 0.026887, 0.0283077, 0.0355483, 0.054326, 0.084275, 0.0792368]
frac_err_flux = [0.0573139, 0.0533567, 0.0428173, 0.0310029, 0.033838, 0.0722701, 0.201539, 0.573069, 0.16901, 0.152932, 0.159592, 0.166585, 0.158046, 0.173553, 0.213665, 0.17057]
frac_err_det = [0.393141, 0.380895, 0.367567, 0.373612, 0.434108, 0.643958, 1.32946, 3.26352, 0.374661, 0.355355, 0.379907, 0.434092, 0.54212, 0.85499, 1.44264, 1.4268]
frac_err_geant4 = [0.025256, 0.0245312, 0.023654, 0.0237793, 0.0270214, 0.0390671, 0.0790667, 0.191578, 0.0498741, 0.0441416, 0.0421814, 0.0401295, 0.0377664, 0.0484098, 0.0767902, 0.0746559]
frac_err_genie = [0.253397, 0.247127, 0.231677, 0.215836, 0.220048, 0.280912, 0.521373, 1.24948, 0.287765, 0.256531, 0.279075, 0.310206, 0.32109, 0.404445, 0.570998, 0.50036]
frac_err_rw = [0.0534663, 0.0544559, 0.0561868, 0.0598338, 0.0688882, 0.0954662, 0.183513, 0.442183, 0.0916849, 0.0839196, 0.0846502, 0.0906975, 0.102244, 0.145929, 0.223236, 0.194661]
frac_err_rw_cor = [0.033343, 0.033586, 0.0312121, 0.0285336, 0.0323958, 0.0537801, 0.147503, 0.50199, 0.141914, 0.130491, 0.147574, 0.183879, 0.240704, 0.401199, 0.651575, 0.530175]
