x = [0.5, 1.5, 2.5, 3.5, 4.5, 5.5, 6.5, 7.5, 8.5, 9.5, 10.5, 11.5, 12.5, 13.5, 14.5, 15.5]
GENIE_y = [0.210777, 0.386164, 0.361137, 0.294486, 0.236062, 0.166822, 0.0964296, 0.0273141, 0.496905, 0.884377, 0.811109, 0.652352, 0.546956, 0.404106, 0.234475, 0.065546]
y = [0.447121, 0.781526, 0.688529, 0.5266, 0.385486, 0.227828, 0.0953883, 0.0178023, 0.35168, 0.595698, 0.503074, 0.377324, 0.292663, 0.175407, 0.0878945, 0.0380545]
yerr_stat = [0.134312, 0.230118, 0.201946, 0.162664, 0.139635, 0.120455, 0.102251, 0.0466534, 0.113392, 0.182265, 0.15688, 0.130831, 0.127563, 0.122221, 0.104461, 0.0448395]
yerr_tot = [0.26039, 0.443327, 0.378689, 0.293655, 0.246303, 0.211531, 0.180529, 0.0828029, 0.225481, 0.355965, 0.317777, 0.268389, 0.249949, 0.229846, 0.190579, 0.0796259]
yerr_sys = [0.223077, 0.378925, 0.320348, 0.244486, 0.202897, 0.173884, 0.148781, 0.0684089, 0.194894, 0.305762, 0.276353, 0.234341, 0.214947, 0.194656, 0.159399, 0.0658005]
chi2 = '13.1943'
chi2_ch1 = '7.4072'
chi2_ch2 = '8.79435'
chi2 = [chi2_ch1,chi2_ch2]
