frac_err_stat = [0.261716, 0.25293, 0.237139, 0.216342, 0.193141, 0.17089, 0.152905, 0.142521, 0.14045, 0.145216, 0.153926, 0.164195, 0.174531, 0.1841, 0.192389, 0.199085, 0.2038, 0.206297]
frac_err_mcstat = [0.0745024, 0.0719882, 0.0675025, 0.0616313, 0.0550629, 0.0486727, 0.043327, 0.0399868, 0.0388977, 0.0397584, 0.0418076, 0.0443886, 0.0470824, 0.0496476, 0.0519204, 0.0537896, 0.0551216, 0.0558313]
frac_err_dirt = [0.00425655, 0.00411555, 0.00388798, 0.0036206, 0.00332121, 0.00298641, 0.00266454, 0.00243688, 0.00235337, 0.00239613, 0.00251105, 0.00265209, 0.00279393, 0.00292777, 0.00304764, 0.00314948, 0.00322373, 0.0032642]
frac_err_flux = [0.0416938, 0.0418613, 0.0421473, 0.0424439, 0.0426466, 0.0426874, 0.0425675, 0.0423696, 0.0421936, 0.0421307, 0.0422183, 0.0424484, 0.0427719, 0.0431528, 0.0435289, 0.0438643, 0.0441049, 0.0442416]
frac_err_det = [0.0775428, 0.0749965, 0.0703423, 0.0642498, 0.0575929, 0.0513814, 0.0464454, 0.0434683, 0.0424604, 0.0430984, 0.0447917, 0.0470326, 0.0494481, 0.051768, 0.0538086, 0.0554725, 0.0566483, 0.057277]
frac_err_xs = [0.162497, 0.160853, 0.157875, 0.153834, 0.149067, 0.143985, 0.138931, 0.134354, 0.130475, 0.127522, 0.125464, 0.12417, 0.123455, 0.123194, 0.123214, 0.123407, 0.123602, 0.123755]
