GENIE_y = [0.129189, 0.142136, 0.164564, 0.182473, 0.200414, 0.228501, 0.267449, 0.289825, 0.337032, 0.380259, 0.424284, 0.472172, 0.52017, 0.568526, 0.609229, 0.723953, 0.767629, 0.849615]
y = [0.0852632, 0.0934707, 0.107564, 0.118653, 0.130136, 0.148836, 0.17564, 0.192358, 0.226298, 0.257631, 0.289003, 0.322235, 0.354752, 0.386756, 0.41306, 0.489092, 0.517172, 0.571416]
yerr_stat = [0.0223148, 0.0236415, 0.0255077, 0.0256695, 0.0251347, 0.0254345, 0.0268563, 0.0274149, 0.0317835, 0.0374122, 0.044485, 0.0529094, 0.0619152, 0.0712018, 0.0794681, 0.0973708, 0.1054, 0.117881]
yerr_tot = [0.028049, 0.029914, 0.0327064, 0.033604, 0.0338612, 0.0354639, 0.0386948, 0.0401897, 0.0462952, 0.0531548, 0.0612911, 0.0708693, 0.0810524, 0.0915927, 0.100917, 0.122535, 0.131869, 0.147065]
yerr_sys = [0.016994, 0.0183283, 0.0204712, 0.0216865, 0.0226899, 0.0247139, 0.0278573, 0.0293876, 0.0336609, 0.0377592, 0.0421627, 0.0471493, 0.0523068, 0.0576153, 0.0622018, 0.0743898, 0.0792482, 0.087933]
chi2 = '15.2687'
