frac_err_stat = [0.130978, 0.113442, 0.0922739, 0.0793811, 0.088445, 0.0897354, 0.11467, 0.196782, 0.232608, 0.110438, 0.0963357, 0.161543, 0.313583, 0.107263, 0.155081, 0.228948]
frac_err_mcstat = [0.0661596, 0.0572205, 0.0464479, 0.0397657, 0.0440779, 0.0446197, 0.0566388, 0.0975844, 0.122052, 0.0566174, 0.0494166, 0.0837412, 0.161014, 0.0551351, 0.07811, 0.126953]
frac_err_dirt = [0, 0, 0, 0, 0, 0, 0, 0, 0, 0, 0, 0, 0, 0, 0, 0]
frac_err_flux = [0.056233, 0.0567383, 0.0559538, 0.0541592, 0.0544403, 0.0614586, 0.08333, 0.123464, 0.153758, 0.0792312, 0.0818924, 0.139715, 0.196709, 0.10088, 0.0729261, 0.176962]
frac_err_det = [0.167631, 0.144235, 0.123132, 0.113609, 0.121313, 0.109477, 0.164778, 0.253281, 0.340801, 0.181338, 0.143652, 0.217059, 0.355644, 0.136402, 0.162131, 0.389553]
frac_err_geant4 = [0.0480448, 0.0455263, 0.0406677, 0.0332271, 0.0255716, 0.0188443, 0.0145619, 0.0137865, 0.0585963, 0.0290395, 0.0248911, 0.0314113, 0.0349402, 0.0175191, 0.0176334, 0.0322748]
frac_err_genie = [0.0691449, 0.0631854, 0.0525347, 0.0452605, 0.0508923, 0.0566841, 0.0637231, 0.0952387, 0.130498, 0.057574, 0.0627937, 0.0904612, 0.127263, 0.0744225, 0.0717877, 0.13541]
