x = [0.5, 1.5, 2.5, 3.5, 4.5, 5.5, 6.5, 7.5, 8.5, 9.5, 10.5, 11.5, 12.5, 13.5, 14.5, 15.5]
GENIE_y = [0.250052, 0.473658, 0.454358, 0.379801, 0.317316, 0.236926, 0.152883, 0.046698, 0.436976, 0.927866, 0.838195, 0.592421, 0.463047, 0.382432, 0.239263, 0.0467223]
y = [0.39584, 0.689013, 0.60783, 0.482908, 0.38686, 0.267646, 0.156271, 0.0462127, 0.235406, 0.73539, 0.629967, 0.307115, 0.188704, 0.277693, 0.250487, 0.0394626]
yerr_stat = [0.0518463, 0.0781629, 0.0560869, 0.0383338, 0.0342159, 0.0240173, 0.0179196, 0.00909382, 0.0547574, 0.0812153, 0.0606884, 0.0496124, 0.0591745, 0.0297862, 0.0388456, 0.00903489]
yerr_tot = [0.0642107, 0.097771, 0.0704448, 0.0481243, 0.0430014, 0.0308159, 0.0223297, 0.0110637, 0.0690479, 0.100609, 0.0788482, 0.0624072, 0.0707215, 0.0393541, 0.0470653, 0.0116311]
yerr_sys = [0.0818237, 0.12585, 0.0958436, 0.0692667, 0.0585008, 0.0390813, 0.0318642, 0.01448, 0.098519, 0.15862, 0.116751, 0.0883815, 0.0861697, 0.0538951, 0.0520447, 0.018449]
chi2 = '62.9872'
chi2_ch1 = '11.7509'
chi2_ch2 = '27.652'
