frac_err_stat = [0.142773, 0.0691551, 0.106484, 0.302346, -0.626906, 0.0983733, 0.0639202, 0.0727393, 0.115489, 0.510447, 0.117837, 0.0759038, 0.0624101, 0.0643172, 0.12082, 0.143182, 0.0952544, 0.0696125, 0.0651038, 0.0902737]
frac_err_mcstat = [8.60454e-157, 3.635e-157, 4.40127e-157, 1.53546e-156, -3.9423e-156, 5.54321e-157, 3.15262e-157, 3.69644e-157, 7.04342e-157, 3.68112e-156, 5.68881e-157, 3.68203e-157, 2.89013e-157, 3.25193e-157, 8.21675e-157, 6.75178e-157, 4.61236e-157, 3.31092e-157, 4.02835e-157, 7.8697e-157]
frac_err_dirt = [0.00578713, 0.00272003, 0.00314934, 0.00902931, -0.0193907, 0.00477893, 0.00334667, 0.00282352, 0.00360179, 0.0202978, 0.00564731, 0.00354294, 0.00234891, 0.00212395, 0.00366538, 0.00667953, 0.00435328, 0.00259221, 0.00211369, 0.00259848]
frac_err_flux = [0.0172116, 0.0106937, 0.011235, 0.0355584, -0.0935959, 0.0172571, 0.0122296, 0.0107763, 0.0137203, 0.0653784, 0.019193, 0.0136405, 0.00986185, 0.00805317, 0.0159385, 0.0215315, 0.015284, 0.0100989, 0.00891426, 0.0176112]
frac_err_det = [0.134194, 0.063994, 0.106021, 0.360152, -0.846812, 0.098939, 0.063225, 0.0721595, 0.114031, 0.592831, 0.125036, 0.0788405, 0.0611339, 0.0648019, 0.125509, 0.156149, 0.100702, 0.0655024, 0.0627659, 0.0923088]
frac_err_geant4 = [0.0130756, 0.0063604, 0.00745563, 0.0260521, -0.0600529, 0.00988753, 0.00631379, 0.00680201, 0.00813023, 0.0226985, 0.0125607, 0.0100312, 0.00771061, 0.00748691, 0.00894312, 0.0148182, 0.0116672, 0.00848687, 0.00848726, 0.0109045]
frac_err_genie = [0.0833943, 0.0499795, 0.058401, 0.142132, -0.1982, 0.0652408, 0.0553764, 0.0597803, 0.0733716, 0.280786, 0.0758175, 0.0622685, 0.05384, 0.0518199, 0.0718381, 0.0917824, 0.0716118, 0.0556074, 0.0558659, 0.0746306]
frac_err_rw = [0.0687508, 0.0339254, 0.0296133, 0.0799842, -0.155556, 0.0542106, 0.0360695, 0.0299906, 0.0404435, 0.193933, 0.047219, 0.0360045, 0.0283279, 0.0307802, 0.0537484, 0.0455065, 0.0353322, 0.0279899, 0.030483, 0.0403274]
frac_err_rw_cor = [0.0314651, 0.0126986, 0.00685082, 0.0264849, -0.0530932, 0.0175865, 0.0105278, 0.00975193, 0.0213769, 0.0967006, 0.00844624, 0.00780184, 0.00953534, 0.0157567, 0.0255483, 0.00663611, 0.00642156, 0.00918468, 0.0157676, 0.0253001]
