x = [0.5, 1.5, 2.5, 3.5, 4.5, 5.5, 6.5, 7.5, 8.5, 9.5, 10.5, 11.5, 12.5, 13.5, 14.5, 15.5, 16.5, 17.5, 18.5, 19.5]
GENIE_y = [0.300343, 0.462244, 0.197122, 0.0508095, 0.00202654, 0.279079, 0.553657, 0.453155, 0.237196, 0.0326289, 0.268606, 0.55619, 0.63449, 0.487917, 0.119477, 0.292576, 0.57076, 0.719687, 0.686278, 0.286522]
y = [0.326271, 0.727953, 0.323812, 0.0512084, -0.004935, 0.35775, 0.788228, 0.646696, 0.308203, 0.0179841, 0.382997, 0.78698, 0.929548, 0.743283, 0.17632, 0.436752, 0.838407, 1.10054, 1.07485, 0.449657]
yerr_stat = [0.0465827, 0.0503417, 0.0344809, 0.0154827, 0.00309378, 0.0351931, 0.0503837, 0.0470402, 0.035594, 0.00917993, 0.045131, 0.0597348, 0.0580132, 0.0478059, 0.0213029, 0.0625348, 0.079862, 0.0766111, 0.0699769, 0.0405922]
yerr_tot = [0.0740888, 0.0825192, 0.0533116, 0.0256271, 0.00538152, 0.0592064, 0.0890461, 0.0798259, 0.0569, 0.0155019, 0.0747842, 0.10414, 0.100058, 0.0825761, 0.0349984, 0.103493, 0.135243, 0.126811, 0.120809, 0.0710147]
yerr_sys = [0.0576125, 0.0653845, 0.0406595, 0.0204214, 0.00440332, 0.0476114, 0.0734213, 0.0644934, 0.0443923, 0.0124915, 0.0596312, 0.0853052, 0.0815236, 0.0673306, 0.0277682, 0.0824632, 0.109146, 0.101053, 0.0984786, 0.0582698]
chi2 = '33.9825'
