x = [0.5, 1.5, 2.5, 3.5, 4.5, 5.5, 6.5, 7.5]
GENIE_y = [0.639475, 1.35948, 1.29391, 0.98077, 0.782222, 0.626555, 0.400305, 0.0918357]
y = [0.549886, 1.36659, 1.26129, 0.809247, 0.577046, 0.588603, 0.477588, 0.103241]
yerr_stat = [0.0698568, 0.104286, 0.0820986, 0.0672922, 0.0810267, 0.0412613, 0.0509136, 0.0126032]
yerr_tot = [0.128986, 0.193175, 0.161994, 0.127719, 0.135756, 0.0797934, 0.0818583, 0.0248582]
yerr_sys = [0.108432, 0.162606, 0.139649, 0.108554, 0.108924, 0.0682971, 0.0640982, 0.0214263]
chi2 = '4.72415'
