frac_err_stat = [0.127039, 0.0763113, 0.0650909, 0.083154, 0.140416, 0.0701004, 0.106606, 0.122076]
frac_err_mcstat = [0.0664279, 0.0395468, 0.0336517, 0.04263, 0.0713048, 0.0357823, 0.053312, 0.064054]
frac_err_dirt = [0, 0, 0, 0, 0, 0, 0, 0]
frac_err_flux = [0.0912994, 0.0603579, 0.058736, 0.0769488, 0.0943963, 0.0698757, 0.0593236, 0.115827]
frac_err_det = [0.135746, 0.0765722, 0.0678173, 0.0838056, 0.13163, 0.0686256, 0.0952527, 0.134418]
frac_err_geant4 = [0.0201581, 0.0171205, 0.0152905, 0.0131445, 0.0126825, 0.0131807, 0.0143325, 0.014438]
frac_err_genie = [0.0854536, 0.052862, 0.0533223, 0.0553118, 0.0644108, 0.049167, 0.0487131, 0.0853002]
