x = [0.5, 1.5, 2.5, 3.5, 4.5, 5.5, 6.5, 7.5]
GENIE_y = [0.534128, 1.04857, 1.02761, 0.8468, 0.687943, 0.511657, 0.313239, 0.0968626]
y = [0.773935, 1.39079, 1.24747, 0.963764, 0.728548, 0.456519, 0.210005, 0.0452126]
yerr_stat = [0.0721261, 0.104895, 0.0804935, 0.0642566, 0.0689073, 0.0392503, 0.0359896, 0.0131464]
yerr_tot = [0.135095, 0.200432, 0.159781, 0.123335, 0.11939, 0.0755263, 0.0642444, 0.0261205]
yerr_sys = [0.11423, 0.170792, 0.138024, 0.105274, 0.0974978, 0.0645263, 0.0532174, 0.022571]
chi2 = '13.5404'
