frac_err_stat = [0.093194, 0.0754212, 0.0645254, 0.0666725, 0.0945817, 0.0859772, 0.171375, 0.290768]
frac_err_mcstat = [0.0455436, 0.0360611, 0.0310335, 0.0315015, 0.0443441, 0.0406976, 0.084853, 0.14752]
frac_err_dirt = [0.00536131, 0.00541571, 0.00442511, 0.00334448, 0.00401488, 0.00411403, 0.00714057, 0.0150436]
frac_err_flux = [0.0203157, 0.015055, 0.0134932, 0.0112711, 0.0095981, 0.0108929, 0.0296224, 0.12257]
frac_err_det = [0.0929653, 0.0751233, 0.0656636, 0.0651916, 0.0896511, 0.0809287, 0.171572, 0.312103]
frac_err_geant4 = [0.00716309, 0.00732198, 0.00764717, 0.00709507, 0.00600775, 0.00645184, 0.0102449, 0.0103086]
frac_err_genie = [0.0752131, 0.0657333, 0.0681061, 0.0717973, 0.078921, 0.0961074, 0.14631, 0.313737]
frac_err_rw = [0.0622845, 0.0490782, 0.0358488, 0.0327416, 0.038593, 0.0481105, 0.0707438, 0.122037]
frac_err_rw_cor = [0.0322297, 0.0331281, 0.0279899, 0.0165535, 0.00656268, 0.00662844, 0.0116163, 0.0370173]
