GENIE_y = [0.606084, 1.30429, 1.40799, 1.16587, 0.931168, 0.757595, 0.53091, 0.288142, 0.140516, 0.0615579, 0.0244595]
y = [0.21264, 0.473339, 0.621212, 0.677221, 0.665373, 0.572093, 0.361814, 0.247588, 0.177409, 0.0814128, 0.0217032]
yerr_stat = [0.122851, 0.200634, 0.176438, 0.123571, 0.109064, 0.0985648, 0.0772504, 0.0553205, 0.0492019, 0.0350744, 0.0209931]
yerr_tot = [0.154936, 0.27193, 0.257708, 0.194155, 0.160641, 0.137019, 0.10585, 0.0723056, 0.0587111, 0.0417176, 0.025088]
yerr_sys = [0.0944078, 0.183553, 0.187837, 0.149755, 0.117942, 0.0951793, 0.0723648, 0.046559, 0.0320338, 0.0225865, 0.0137367]
