frac_err_stat = [0.113751, 0.132144]
frac_err_mcstat = [0.0301438, 0.0358674]
frac_err_dirt = [0.00817024, 0.00728152]
frac_err_flux = [0.179104, 0.21072]
frac_err_det = [0.0893513, 0.0892841]
frac_err_xs = [0.187378, 0.214935]
