GENIE_y = [0.897762, 1.15572]
y = [0.614802, 0.667514]
yerr_stat = [0.0699344, 0.0882078]
yerr_tot = [0.183503, 0.228689]
yerr_sys = [0.169654, 0.210992]
